sec,Volt,sec,ch1
DataType	DisplayMode	Points	Count	Xincrement	Xorigin	Xreference	Yincrement	Yorigin	Yreference	Channel	
5	1	600	2	0,000004	0,0010560000594	0	0,0004	0,0256	100	1
point	ch1
0	40
1	43
2	41
3	39
4	40
5	37
6	38
7	35
8	36
9	38
10	36
11	37
12	39
13	35
14	35
15	39
16	37
17	36
18	38
19	40
20	37
21	41
22	55
23	37
24	34
25	40
26	53
27	34
28	36
29	40
30	47
31	32
32	33
33	39
34	43
35	37
36	36
37	40
38	40
39	34
40	36
41	39
42	36
43	39
44	38
45	35
46	35
47	38
48	35
49	40
50	38
51	34
52	36
53	40
54	36
55	38
56	36
57	41
58	35
59	36
60	35
61	39
62	37
63	35
64	40
65	35
66	35
67	36
68	38
69	35
70	37
71	35
72	36
73	38
74	37
75	36
76	36
77	34
78	33
79	36
80	35
81	41
82	33
83	36
84	34
85	40
86	34
87	37
88	46
89	31
90	33
91	47
92	48
93	35
94	38
95	47
96	41
97	45
98	48
99	44
100	45
101	72
102	78
103	97
104	93
105	99
106	97
107	111
108	111
109	90
110	88
111	83
112	82
113	63
114	61
115	57
116	56
117	50
118	49
119	51
120	49
121	44
122	44
123	48
124	47
125	41
126	44
127	50
128	43
129	54
130	55
131	61
132	64
133	91
134	93
135	90
136	90
137	85
138	86
139	90
140	88
141	97
142	100
143	125
144	128
145	145
146	144
147	127
148	126
149	118
150	119
151	99
152	96
153	83
154	96
155	76
156	76
157	64
158	68
159	55
160	55
161	62
162	57
163	51
164	53
165	49
166	50
167	53
168	52
169	54
170	53
171	61
172	62
173	68
174	68
175	105
176	109
177	133
178	135
179	128
180	131
181	141
182	136
183	122
184	119
185	97
186	95
187	83
188	83
189	72
190	73
191	67
192	66
193	62
194	62
195	51
196	50
197	52
198	52
199	47
200	50
201	46
202	46
203	43
204	42
205	40
206	39
207	42
208	40
209	43
210	40
211	37
212	36
213	39
214	36
215	41
216	51
217	30
218	32
219	40
220	55
221	32
222	36
223	53
224	54
225	36
226	38
227	51
228	40
229	37
230	36
231	48
232	35
233	39
234	40
235	36
236	35
237	37
238	39
239	36
240	35
241	37
242	36
243	33
244	36
245	32
246	33
247	35
248	35
249	36
250	35
251	33
252	33
253	35
254	34
255	33
256	33
257	38
258	33
259	34
260	36
261	32
262	33
263	35
264	36
265	33
266	33
267	36
268	36
269	34
270	34
271	38
272	36
273	33
274	33
275	36
276	35
277	36
278	36
279	40
280	42
281	37
282	36
283	38
284	43
285	36
286	36
287	39
288	36
289	38
290	36
291	40
292	36
293	34
294	37
295	34
296	36
297	33
298	35
299	33
300	36
301	34
302	34
303	37
304	34
305	36
306	35
307	36
308	36
309	38
310	35
311	38
312	40
313	35
314	35
315	38
316	38
317	36
318	40
319	36
320	39
321	42
322	41
323	43
324	43
325	40
326	40
327	42
328	41
329	36
330	40
331	37
332	38
333	36
334	36
335	37
336	36
337	33
338	34
339	36
340	35
341	37
342	33
343	36
344	37
345	35
346	33
347	36
348	38
349	34
350	36
351	42
352	42
353	39
354	37
355	40
356	38
357	40
358	37
359	35
360	37
361	33
362	36
363	37
364	36
365	33
366	36
367	34
368	33
369	36
370	34
371	36
372	36
373	33
374	39
375	34
376	33
377	36
378	36
379	34
380	33
381	35
382	37
383	31
384	34
385	37
386	33
387	36
388	34
389	35
390	36
391	33
392	32
393	36
394	33
395	35
396	36
397	33
398	33
399	35
400	33
401	36
402	35
403	33
404	33
405	35
406	33
407	35
408	35
409	33
410	36
411	34
412	35
413	36
414	36
415	33
416	34
417	37
418	35
419	38
420	38
421	41
422	40
423	42
424	37
425	41
426	40
427	44
428	46
429	60
430	63
431	86
432	83
433	92
434	92
435	85
436	86
437	93
438	90
439	69
440	66
441	58
442	58
443	50
444	50
445	47
446	47
447	42
448	44
449	40
450	40
451	43
452	43
453	46
454	43
455	53
456	56
457	73
458	76
459	90
460	93
461	83
462	82
463	86
464	86
465	97
466	98
467	122
468	123
469	136
470	136
471	143
472	134
473	107
474	105
475	88
476	89
477	70
478	68
479	61
480	62
481	52
482	53
483	50
484	53
485	49
486	47
487	51
488	52
489	57
490	60
491	84
492	88
493	124
494	127
495	140
496	141
497	132
498	129
499	115
500	111
501	97
502	95
503	75
504	74
505	71
506	70
507	61
508	58
509	53
510	53
511	49
512	50
513	41
514	39
515	47
516	45
517	38
518	37
519	38
520	39
521	35
522	38
523	34
524	35
525	36
526	36
527	38
528	35
529	38
530	39
531	36
532	36
533	42
534	38
535	41
536	40
537	35
538	39
539	34
540	33
541	36
542	33
543	35
544	35
545	33
546	33
547	35
548	36
549	33
550	33
551	36
552	35
553	33
554	33
555	35
556	34
557	33
558	33
559	36
560	35
561	33
562	33
563	36
564	33
565	36
566	33
567	37
568	33
569	35
570	32
571	36
572	36
573	33
574	33
575	36
576	34
577	37
578	36
579	39
580	39
581	36
582	38
583	33
584	37
585	34
586	37
587	35
588	35
589	33
590	34
591	37
592	36
593	33
594	33
595	37
596	36
597	33
598	32
599	34

