-14.61541
-27.25143
-6.138093
-13.57614
-15.93541
-10.61819
-9.548835
-11.06926
-8.535763
-10.94471
-15.50384
-15.77418
-18.96032
-13.80873
-13.49045
-12.12058
-16.02079
-22.09731
-16.11459
-26.85556
-12.34558
-10.27774
-8.965549
-15.15939
-17.46138
-15.05254
-30.00102
-25.68072
-11.85972
-14.05437
-29.28633
-13.75804
-9.412116
-5.834326
-5.964536
-11.58453
-12.8604
-15.5739
-15.8153
-10.17081
-5.107752
-5.697036
-12.74718
-16.60518
-29.22734
-14.01377
-25.11002
-24.95093
-14.58972
-17.5996
-19.4226
-18.69047
-9.34767
-4.657341
8.16457
12.55387
13.40583
23.76502
31.04478
23.44179
7.929735
2.007598
3.288376
2.907629
6.014506
3.515341
-7.951177
-51.6999
-14.59289
-15.41093
-19.80588
-14.70766
-19.79103
-15.48028
-10.89995
-19.90858
-18.52367
-12.48434
-18.0214
-20.26956
-8.689424
-8.731665
-11.97829
-13.24942
-11.05168
-11.04736
-12.90909
-11.66173
-10.65241
-12.76315
-23.48751
-12.94529
-23.83141
-18.5631
-20.26994
-16.92407
-17.03219
-21.79371
-23.78291
-19.00216
-18.45935
-24.57993
-10.24763
-5.863238
-3.052821
-3.498301
-10.13934
-14.53061
-9.890119
-8.905504
-12.54499
-12.97898
-11.82664
-12.33325
-9.720345
-15.49003
-11.84631
-13.675
-17.90494
-14.56736
-14.33112
-20.0273
-17.52293
-22.5407
-11.05396
-17.60412
-20.00456
-23.66257
-14.3428
-10.95811
-10.79058
-9.551257
-10.31292
-15.10915
-20.12322
-13.24229
-14.55734
-29.44931
-13.80275
-10.78175
-10.28419
-13.65457
-11.35847
-17.02007
-20.74377
-13.10325
-17.40178
-15.21162
-21.82604
-17.24991
-17.73051
-15.38384
-13.39356
-10.83614
-13.12534
-21.11824
-21.68007
-20.43013
-9.349936
-6.482263
-8.648175
-18.28541
-6.961881
-13.64621
-25.98632
-15.96019
-11.85727
-13.40164
-14.51984
-18.47054
-17.63713
-10.24009
-6.352429
-10.7958
-14.74965
-21.12234
-23.52321
-20.8844
-11.67522
-13.81724
-27.67424
-19.24385
-14.33647
-17.18576
-21.04126
-16.43922
-16.42095
-15.55254
-17.8742
-11.43089
-11.21329
-15.96066
-18.99339
-21.71712
-14.58856
-22.09803
-15.77478
-13.65972
-11.06094
-8.987987
-12.54995
-23.37746
-15.57707
-15.87352
-17.51862
-14.72795
-16.87698
-22.52573
-17.9496
-15.9801
-19.41511
-23.17768
-30.03442
-20.10899
-13.27955
-12.86506
-20.65252
-18.43365
-19.65286
-24.2219
-15.52719
-11.41846
-18.06977
-13.12656
-6.435843
-7.644115
-14.71306
-22.99562
-16.02864
-6.127795
-10.37609
-13.1435
-12.17419
-20.58279
-20.98271
-13.81221
-21.81968
-12.34153
-16.14245
-23.28395
-21.12627
-20.20736
-35.29712
-22.38387
-15.90426
-17.11833
-16.16176
-19.83329
-11.82553
-17.82155
-19.48459
-18.34091
-15.86522
-11.76517
-14.02542
-14.29502
-12.83194
-14.13573
-22.32958
-21.05671
-25.39264
-33.4073
-14.25999
-14.18825
-13.22611
-9.894928
-15.87044
-21.7532
-12.64593
-6.35848
-7.567523
-12.62974
-8.241171
-11.66786
-18.20345
-13.83143
-13.87632
-13.13604
-13.75429
-11.11256
-9.151423
-11.34411
-16.40525
-28.68219
-12.55394
-6.033521
-10.75933
-9.924608
-12.16424
-15.46107
-16.48398
-14.44801
-11.11957
-10.27448
-14.90096
-23.39666
-31.79708
-24.98546
-15.81564
-12.19189
-9.975752
-13.05379
-18.18951
-15.18555
-18.68346
-18.88888
-36.28338
-26.04072
-13.89934
-18.56796
-15.25169
-10.51527
-10.55743
-10.71065
-13.83748
-27.99955
-12.57705
-12.0811
-12.95688
-13.4976
-15.74886
-16.42165
-22.01147
-13.63764
-19.21125
-12.66549
-15.03347
-15.57422
-14.17553
-12.11254
-9.234277
-8.28397
-11.33581
-18.73474
-11.63427
-18.96905
-19.15938
-12.5855
-14.77588
-14.66266
-12.43801
-16.31808
-17.96596
-9.521667
-10.40254
-5.289634
-14.68593
-12.38535
-15.56578
-18.64104
-13.67579
-11.3377
-10.09003
-8.606579
-8.533131
-12.68007
-18.40936
-25.81683
-11.86508
-12.98258
-10.1123
-29.24184
-17.69132
-12.57719
-9.646889
-14.40713
-19.64535
-14.18312
-12.5357
-17.48609
-18.52135
-25.89647
-19.84324
-15.39402
-11.96381
-4.556458
-4.666185
-5.088965
-12.24918
-24.10739
-36.24357
-14.08028
-9.954792
-11.27567
-16.75545
-15.19452
-12.39523
-18.19971
-15.11342
-14.1984
-20.90582
-17.0116
-16.83139
-19.29069
-17.11165
-27.342
-22.62212
-12.52625
-15.56882
-19.10733
-19.63717
-11.86743
-12.65642
-16.08522
-10.67769
-4.962263
-1.744018
2.073596
3.560565
1.880599
1.280849
2.521779
2.024375
1.844718
2.021673
1.668291
1.619868
0.6799823
-0.5198831
-2.725503
-1.419066
-2.564112
-3.422796
-3.522645
-6.91837
-12.50675
-9.0731
-6.628607
-14.25663
-11.064
-19.18855
-8.757614
-17.65642
-13.99249
-13.87741
-19.03055
-18.412
-11.58551
-26.8017
-18.54021
-14.45939
-15.01366
-29.22121
-23.32663
-15.6884
-13.23129
-13.98872
-24.6255
-21.02934
-18.40922
-27.32252
-20.42622
-22.64886
-18.25479
-20.39359
-30.52589
-22.31776
-27.63227
-42.40453
-14.90516
-10.92447
-11.51153
-16.32557
-21.58559
-21.7694
-30.08568
-21.57844
-26.86819
-29.30289
-38.01223
-20.89952
-20.96048
-15.3961
-12.16566
-16.6004
-20.15454
-16.36613
-19.3372
-32.12649
-34.50363
-26.45947
-22.24237
-37.70177
-18.39261
-17.51449
-20.04112
-23.45121
-17.51262
-11.83714
-9.295598
-18.93316
-23.37533
-12.18045
-12.46445
-14.07724
-14.82535
-20.73283
-24.48754
-25.81682
-17.79449
-27.95043
-21.95084
-17.13206
-20.34925
-19.39629
-28.92754
-14.03767
-19.9461
-19.84798
-23.55667
-24.12347
-16.42224
-15.21187
-12.34601
-13.88843
-19.21554
-35.72403
-27.57201
-21.17339
-15.40628
-25.18397
-48.08443
-19.51148
-16.4579
-17.87958
-19.57998
-20.0959
-26.60511
-25.96173
-17.3558
-14.76939
-11.12422
-12.85689
-32.62748
-26.13741
-25.55843
-25.21223
-17.05112
-13.46286
-12.30745
-12.86056
-10.38843
-11.60778
-20.32982
-14.12262
-17.15908
-11.92809
-12.51491
-15.56322
-14.71085
-14.18446
-12.61864
-16.02249
-12.60742
-8.583865
-11.34938
-13.79967
-22.95598
-32.04839
-22.59091
-17.83926
-17.2937
-18.97552
-23.84102
-17.58326
-24.48067
-24.55003
-21.38012
-17.24636
-29.35663
-19.01171
-26.4315
-36.52997
-10.64894
-8.850758
-9.734264
-9.684013
-11.79583
-18.39703
-22.84448
-17.0472
-14.24515
-14.17943
-17.43356
-16.27899
-11.952
-12.51176
-24.29033
-20.8911
-26.03257
-21.02035
-20.37168
-17.72777
-40.78535
-22.14736
-27.72349
-25.38419
-22.55697
-22.79255
-15.44199
-16.0636
-16.1339
-19.69027
-17.99922
-32.37901
-13.22035
-11.78687
-25.19573
-27.8249
-21.57181
-14.35177
-17.12909
-21.85077
-15.40073
-13.97936
-34.91124
-21.41789
-19.18104
-23.12671
-17.35071
-12.66046
-14.62733
-24.4127
-16.34466
-17.54575
-17.21942
-18.8784
-16.43596
-12.75881
-14.56488
-21.34142
-16.10045
-17.38707
-15.69256
-15.09602
-16.54984
-24.79895
-25.63266
-24.67538
-18.20569
-17.32069
-15.31291
-11.2025
-10.67736
-11.92702
-11.57097
-17.72193
-16.65574
-25.56199
-15.93188
-14.13618
-23.94776
-27.52575
-23.36832
-14.53874
-15.78022
-26.91426
-28.2436
-25.22668
-24.75064
-16.90343
-22.85525
-26.8885
-15.27803
-16.31731
-24.68414
-19.03946
-15.01767
-16.29174
-14.49619
-18.31816
-36.70097
-23.66751
-19.77438
-14.8142
-18.54279
-17.22532
-14.08394
-17.40679
-26.98678
-23.25994
-24.6732
-32.08917
-28.7979
-28.77902
-19.10143
-12.86123
-13.05502
-14.4856
-15.99178
-19.86039
-19.76355
-17.80102
-25.01084
-20.36791
-20.1634
-16.88937
-14.45676
-18.19766
-23.83553
-17.23499
-25.33559
-23.86886
-26.13054
-26.74154
-21.40703
-18.75946
-21.00294
-24.75047
-18.82824
-18.25177
-22.13926
-26.18982
-19.45358
-13.94973
-19.34694
-19.95889
-15.61171
-16.2756
-17.57156
-15.98093
-27.33764
-20.99779
-18.71135
-16.10559
-27.06892
-15.47521
-13.14981
-14.73614
-20.18649
-14.04348
-17.11403
-21.46838
-19.82804
-22.19143
-37.43859
-24.3403
-18.48649
-17.76783
-23.7742
-32.33383
-16.39085
-15.94862
-15.34362
-18.97411
-23.13405
-25.65903
-30.38806
-15.97002
-23.31846
-15.83042
-16.97934
-23.87218
-18.70673
-17.95834
-13.56605
-13.09014
-18.17954
-19.43607
-20.38688
-24.85832
-17.79753
-17.36572
-15.60129
-22.57821
-21.78346
-30.63396
-34.8922
-17.30856
-15.80994
-20.00533
-18.01115
-16.31979
-18.80964
-21.50124
-17.94415
-16.71348
-17.93456
-22.50076
-27.97062
-20.36028
-28.46221
-27.72249
-18.49466
-23.82794
-31.92467
-24.61999
-22.32035
-19.99557
-30.73652
-19.75109
-32.05304
-21.0542
-18.61955
-15.81405
-15.18209
-20.00201
-25.43705
-16.70146
-18.7234
-25.12467
-17.63583
-18.69743
-22.0104
-20.29962
-18.53984
-19.71091
-16.91635
-23.5343
-30.48858
-17.25065
-28.65561
-18.20131
-17.06383
-12.96778
-11.03698
-13.73893
-18.94573
-20.44106
-20.23551
-20.75723
-32.31184
-24.59885
-19.59147
-22.17252
-33.8121
-17.44554
-19.30708
-19.46272
-31.65467
-34.27043
-21.16138
-17.75616
-18.4531
-17.81999
-14.57324
-12.47116
-19.83377
-22.25443
-19.24061
-20.66434
-20.9461
-19.20519
-21.69623
-28.80196
-25.87692
-31.03208
-21.86325
-29.1033
-19.38708
-17.66797
-22.49226
-23.62492
-28.83749
-20.39223
-22.02728
-21.63782
-28.5005
-18.18857
-17.45197
-14.48071
-16.88588
-15.71591
-12.86395
-15.22583
-15.82925
-15.09764
-16.13746
-22.20485
-19.63079
-22.51984
-27.32409
-20.72253
-20.86305
-35.19937
-27.26263
-33.60135
-28.07673
-29.70708
-30.08858
-23.85304
-33.5713
-21.80001
-26.13683
-32.35378
-19.33464
-18.80976
-18.93599
-15.01642
-16.79825
-20.68597
-22.00115
-19.42413
-20.39162
-20.64424
-24.98273
-20.03955
-27.91191
-20.21333
-24.01554
-25.93855
-18.81251
-17.10819
-23.9274
-27.89048
-23.90578
-24.79132
-28.88392
-28.486
-21.38685
-19.04127
-23.88589
-21.61518
-18.39926
-20.56008
-35.85994
-30.82885
-41.63662
-31.4834
-28.27567
-16.80962
-16.7561
-30.51863
-22.48034
-29.20121
-18.5904
-14.84027
-14.79738
-16.01891
-19.08807
-16.367
-17.4364
-17.20738
-25.85985
-22.42462
-22.21852
-26.36968
-31.2026
-23.95435
-18.36172
-20.29865
-22.60202
-17.82232
-14.30787
-13.92395
-19.87835
-28.13604
-19.84742
-16.55412
-18.29335
-19.07186
-16.25358
-16.7101
-17.52933
-24.90593
-25.30035
-23.99451
-19.72788
-19.562
-30.69688
-29.29766
-19.69735
-22.55428
-29.64827
-25.35687
-16.13637
-15.8335
-34.24336
-19.72329
-25.07704
-30.08221
-22.07208
-23.9369
-22.75607
-24.07278
-23.1497
-15.87388
-18.809
-19.79927
-20.74913
-19.55103
-25.60554
-27.9246
-17.35464
-15.55133
-18.44943
-21.99339
-18.02962
-17.03889
-19.3266
-21.20301
-20.53088
-19.32205
-21.9819
-20.59208
-31.29203
-23.99807
-18.25783
-20.77106
-26.64009
-20.49554
-16.84015
-21.18304
-32.07413
-37.38231
-22.65932
-16.55699
-19.07498
-21.59423
-25.61872
-32.20249
-24.62069
-17.8963
-15.35799
-23.39883
-21.4004
-24.88831
-28.75732
-21.92456
-17.70087
-19.52689
-25.64328
-22.70319
-32.6662
-47.1886
