-7.72971
-4.164093
-0.2129638
-6.607756
-4.227941
-4.208114
-4.265976
-10.01115
-6.348777
-16.14606
-22.57929
-12.84404
-15.09796
-15.23979
-13.84503
-10.72759
-23.27536
-10.81277
-12.11765
-15.76145
-9.964355
-21.77117
-7.235566
-19.85459
-19.69455
-10.70485
-12.93666
-17.90764
-12.74664
-14.24061
-21.07698
-12.97225
-14.06585
-10.06029
-7.243472
-11.93255
-20.0866
-16.73536
-10.81104
-9.515523
-6.72262
-8.891422
-17.34171
-7.169739
-14.82831
-14.02699
-15.24296
-12.76664
-5.857615
-7.197567
0.4883918
-0.5181288
4.666106
6.619147
9.308157
18.47257
20.00595
21.33689
32.20166
11.27607
14.04825
8.022736
2.648947
3.361851
4.192397
5.028262
-3.646493
-0.3807517
-12.02393
-4.211468
-10.09656
-16.83637
-11.54718
-13.54568
-12.29519
-10.89586
-10.62388
-13.9471
-33.01041
-12.68407
-7.516015
-17.83484
-11.77616
-17.09112
-11.47278
-13.86623
-29.10633
-15.05563
-19.70826
-11.62375
-10.94611
-9.38819
-14.15533
-12.60716
-20.11624
-18.00135
-20.82891
-14.03732
-17.54565
-19.99884
-17.36296
-12.81147
-15.67135
-11.37996
-6.334612
-5.971875
-18.1746
-12.58432
-11.82926
-11.01067
-13.06595
-15.2472
-15.93317
-18.81809
-11.39487
-24.92472
-11.10132
-16.75648
-33.7229
-18.01604
-13.08207
-21.21497
-12.09438
-18.78963
-12.02841
-17.21654
-13.42537
-25.2776
-18.39662
-14.56955
-13.32407
-12.708
-13.98667
-18.69589
-14.85088
-12.83189
-16.6361
-27.9262
-14.00056
-15.97029
-11.22234
-20.53282
-9.103844
-23.50953
-22.69949
-15.00924
-11.75649
-10.36269
-15.89075
-13.72878
-19.19401
-16.42034
-17.54424
-13.09147
-16.15069
-23.34528
-22.83532
-28.94823
-10.46744
-8.280889
-8.265136
-18.55163
-7.510536
-29.22925
-17.21115
-19.7987
-13.29515
-24.34114
-16.82108
-13.23521
-8.545665
-11.24415
-8.08607
-18.61266
-13.71742
-22.76981
-31.20231
-27.54368
-11.34374
-14.50148
-18.00585
-24.28029
-14.45389
-15.39195
-28.54868
-23.64081
-20.58679
-17.69115
-16.40276
-10.96213
-13.09189
-15.71334
-15.23384
-18.45202
-17.33844
-26.87107
-13.31738
-18.30869
-13.84252
-13.52721
-14.48028
-14.19459
-15.18198
-15.63946
-34.15782
-16.20864
-18.23264
-29.39034
-17.60732
-16.00648
-16.69383
-21.85023
-19.46716
-23.20478
-15.25676
-14.59348
-21.08076
-17.14397
-24.76331
-25.07846
-16.69296
-12.06422
-15.76736
-18.47743
-8.127431
-11.53497
-17.84305
-17.74312
-23.00759
-6.882338
-12.28709
-11.14518
-13.35998
-19.00699
-20.14476
-10.07289
-15.77917
-13.42364
-18.32781
-15.82559
-22.48175
-16.05289
-22.09182
-19.48915
-15.96215
-21.55468
-14.21006
-24.62683
-10.56962
-16.80628
-19.8648
-26.80315
-19.45823
-11.85635
-17.11137
-18.21946
-17.26683
-15.24906
-20.18983
-19.4477
-29.08742
-18.11171
-14.82282
-11.73906
-12.44758
-11.96572
-12.75609
-29.90829
-21.91771
-7.403802
-11.1517
-22.04759
-9.289865
-12.08888
-13.78923
-15.70544
-16.95499
-17.01066
-16.53247
-15.25285
-15.26228
-13.15138
-17.90235
-17.44035
-13.31651
-6.612559
-10.87581
-7.966992
-16.44351
-14.49404
-12.09841
-23.32834
-18.27341
-12.25991
-24.97127
-25.06561
-20.03804
-18.36171
-17.13735
-16.18422
-12.68215
-17.12926
-32.27514
-13.88079
-28.84466
-17.4251
-21.35873
-20.15998
-11.99619
-27.26494
-17.31567
-12.44668
-14.07109
-18.26032
-12.31357
-12.1952
-14.21339
-19.52526
-14.87473
-23.90302
-19.20238
-25.23435
-15.98211
-11.09419
-16.44677
-9.354753
-17.196
-17.66578
-14.50315
-14.06115
-12.95311
-11.99184
-13.11885
-16.12929
-9.640783
-16.66688
-17.41432
-13.21021
-21.79685
-16.66551
-12.53622
-20.14552
-18.78379
-10.40034
-13.24504
-4.888205
-10.81689
-7.53416
-15.56958
-17.3119
-17.98097
-13.49315
-18.49889
-11.75631
-15.399
-11.99794
-12.07797
-14.69228
-9.398176
-22.04673
-9.180552
-14.67934
-18.5886
-16.20713
-10.196
-16.93996
-21.93626
-14.00499
-12.87116
-24.38638
-19.35141
-25.81287
-15.04699
-18.14667
-11.74512
-4.929186
-7.762499
-4.385115
-11.97045
-23.28429
-17.22407
-15.40575
-11.59238
-14.04705
-18.56985
-26.98449
-13.08137
-19.8513
-16.79906
-16.5335
-19.0874
-12.9235
-17.28118
-18.00178
-13.60945
-30.67559
-18.56623
-10.55764
-12.21031
-15.08595
-28.33528
-11.16127
-18.1996
-13.54366
-5.12075
0.004044517
0.7378673
1.396342
0.5130847
-6.24102
-6.0165
-1.776449
-4.400427
-2.925983
-1.759131
-1.207534
0.2030596
-0.01861278
0.3796468
-2.175567
-1.3338
-2.594633
-2.683161
-3.283054
-5.005917
-7.414796
-7.392211
-4.315686
-6.6648
-5.295686
-10.06156
-6.751206
-15.79354
-12.48317
-9.01833
-10.73127
-16.16137
-6.800332
-12.07473
-16.17481
-12.15292
-12.25508
-15.58398
-21.90765
-20.47776
-15.40538
-19.00122
-31.69508
-18.53266
-18.15936
-21.39619
-17.13197
-25.59543
-18.26038
-27.19643
-24.48155
-20.65894
-23.9502
-19.463
-17.82265
-14.92693
-17.05561
-20.69673
-19.58596
-22.80064
-21.455
-19.03237
-31.47055
-26.57044
-24.59032
-20.64213
-23.28859
-19.74324
-15.10418
-24.37327
-22.66727
-18.62015
-18.65038
-20.07776
-23.5359
-18.14186
-17.06946
-45.40332
-14.12313
-15.68582
-14.41763
-16.36743
-15.06732
-13.62248
-10.64452
-19.26793
-24.55551
-13.81997
-20.50761
-20.88468
-17.65528
-14.8413
-17.25047
-24.27711
-14.56258
-19.62104
-18.8309
-14.87957
-25.68545
-18.1217
-38.83144
-12.43223
-26.11691
-17.03713
-21.54971
-24.81242
-16.86943
-14.95094
-10.81997
-13.39066
-21.42081
-42.47017
-27.66446
-33.41036
-13.32902
-26.61652
-23.4991
-17.24005
-19.29657
-19.70423
-21.54997
-18.235
-28.5776
-26.85764
-16.57051
-20.47548
-13.10166
-12.88314
-18.84922
-20.80355
-17.9134
-21.36696
-14.89315
-17.11833
-15.93562
-16.99308
-15.25478
-12.03207
-18.53797
-14.82455
-17.80444
-13.70569
-16.1305
-15.56305
-17.92284
-21.44284
-13.90682
-32.24381
-22.32381
-10.09698
-20.4756
-17.82804
-21.96167
-32.47781
-28.29111
-17.65166
-21.31282
-17.12839
-19.09426
-17.57718
-22.43983
-25.71081
-29.71756
-17.59426
-19.21401
-14.19644
-26.42784
-16.71173
-10.601
-15.16528
-15.2156
-14.93907
-16.67023
-19.16947
-32.06935
-22.6699
-15.47567
-15.26547
-18.22552
-20.51748
-14.6608
-14.91349
-29.72644
-15.30155
-24.64703
-22.04955
-21.60203
-14.70921
-25.06546
-22.16477
-35.79943
-37.49082
-21.63484
-23.34019
-17.79471
-18.981
-16.96629
-19.70415
-18.00686
-28.12884
-17.24008
-10.93443
-15.25078
-39.62591
-16.05783
-11.77627
-18.12536
-17.64429
-19.46185
-13.29618
-22.37449
-24.20885
-20.73443
-17.54545
-16.50152
-15.48515
-17.12136
-28.98846
-15.28318
-27.26065
-18.03397
-21.01367
-21.45306
-17.09128
-15.86001
-20.99693
-19.29646
-25.54584
-19.85495
-20.86607
-20.80199
-42.1548
-20.53284
-29.6974
-21.18282
-44.73455
-24.33934
-15.51783
-14.13455
-24.4044
-13.40415
-20.66807
-16.44027
-29.24643
-20.99291
-14.74821
-34.74573
-21.70626
-32.03161
-17.15288
-18.64734
-20.91062
-23.88485
-21.36891
-20.5436
-15.69473
-31.07214
-26.35671
-17.18574
-17.20826
-18.17381
-19.94937
-18.36967
-22.47057
-18.60588
-23.27275
-26.13972
-21.41241
-20.82316
-14.36511
-15.73494
-17.66208
-16.54272
-18.6217
-22.85833
-20.71634
-23.84123
-32.92673
-23.78689
-22.52317
-22.85005
-15.50447
-15.99741
-22.68
-18.74788
-14.75484
-16.52527
-19.5936
-29.78997
-28.21821
-21.21793
-19.15803
-18.30867
-17.56138
-21.50469
-18.11916
-24.17665
-19.1146
-18.86563
-24.43594
-21.97379
-17.48412
-28.5609
-35.80011
-22.06223
-19.04716
-37.26405
-17.0165
-22.13127
-15.54221
-37.03047
-27.39397
-18.30378
-22.02571
-24.5325
-13.93334
-18.33578
-20.19877
-27.91862
-16.59332
-25.25077
-14.81589
-15.49277
-14.15985
-19.65922
-14.38443
-23.99415
-24.54764
-26.8759
-23.09081
-26.76126
-22.36973
-21.12627
-17.1566
-20.35234
-20.32414
-11.17868
-16.68928
-16.68539
-17.88282
-31.71612
-19.62145
-24.3856
-14.51914
-21.71673
-14.27328
-16.1304
-21.23032
-21.49624
-26.02022
-15.59265
-18.38831
-16.27799
-17.51255
-25.85858
-24.98424
-16.21824
-22.00906
-16.03118
-23.64786
-19.98396
-36.95718
-24.4645
-16.93313
-18.80667
-30.57502
-22.93274
-18.01767
-21.46831
-32.6437
-20.95876
-18.73435
-24.8679
-21.75062
-23.44803
-16.88824
-25.7605
-32.56017
-18.41335
-26.54838
-25.34448
-22.87255
-28.10967
-18.1108
-22.52952
-20.12291
-23.71933
-19.95143
-22.07973
-21.32993
-18.05206
-17.75728
-24.36251
-22.43301
-20.83626
-22.53728
-19.65936
-20.73483
-18.88958
-18.73187
-17.52465
-36.77554
-16.90834
-33.5715
-21.78055
-14.7693
-25.09709
-16.42838
-21.19719
-17.91389
-14.14822
-19.02785
-40.48378
-21.69117
-26.6072
-21.95443
-21.99284
-25.31984
-22.65156
-23.74634
-18.95656
-14.93148
-26.68993
-18.07966
-22.84771
-31.62225
-31.14623
-21.73008
-34.12579
-23.78946
-24.16582
-13.98214
-17.42817
-18.7538
-33.86294
-22.97215
-24.38519
-22.04188
-28.17984
-27.53399
-20.36631
-30.14885
-20.40646
-22.61433
-19.43257
-20.82725
-24.10745
-26.58733
-28.5587
-21.05599
-23.91778
-15.09001
-24.86164
-21.13205
-18.91096
-15.97751
-41.85483
-24.69543
-17.43439
-21.80442
-18.64283
-17.47886
-19.02645
-25.83209
-20.20471
-23.98414
-28.86313
-18.94313
-20.01458
-35.79301
-24.43114
-28.55135
-27.44522
-33.56522
-23.71094
-19.53327
-29.70919
-23.5118
-26.60733
-22.27269
-19.46821
-21.72166
-24.66042
-19.24116
-24.18706
-25.71065
-22.15178
-21.42564
-26.03818
-20.25002
-25.36064
-19.07154
-28.62051
-19.41162
-33.79815
-34.56196
-24.70894
-18.71524
-45.4505
-37.08181
-24.40754
-21.79713
-29.70725
-33.4219
-24.48337
-20.78577
-29.5675
-20.41717
-17.57243
-19.77678
-27.58722
-31.16906
-32.72791
-25.0466
-38.55107
-18.2243
-18.14326
-38.76939
-25.59212
-24.55824
-18.46506
-18.44841
-19.02134
-19.05522
-23.53188
-18.30305
-26.49445
-19.94357
-23.35991
-19.28278
-29.89765
-27.34299
-21.57738
-23.5928
-23.37453
-27.22219
-23.17933
-20.8612
-22.4278
-16.73764
-23.72215
-31.46805
-24.21137
-19.37224
-21.7546
-28.85697
-16.4653
-19.27771
-18.6711
-41.74919
-22.26586
-32.27732
-23.94049
-21.63675
-22.46722
-21.33618
-18.24218
-38.49325
-30.61022
-23.93433
-16.82309
-18.59406
-30.57909
-17.17063
-30.72966
-24.02503
-21.92395
-31.68519
-21.87599
-26.43604
-31.48212
-15.68646
-19.55662
-22.80014
-20.34599
-17.66622
-42.55473
-28.41962
-21.23094
-20.62926
-21.53418
-26.47709
-22.67121
-21.32164
-24.60247
-31.53606
-23.26569
-21.17752
-38.33263
-20.24855
-29.03173
-24.78342
-21.54207
-24.98065
-30.76665
-25.05605
-20.49375
-23.64157
-26.70271
-25.38914
-20.06263
-17.07918
-24.80196
-24.74238
-23.67106
-24.88541
-26.47333
-21.79912
-15.69555
-19.70712
-18.93914
-28.17598
-45.36108
-25.08249
-19.74626
-24.85345
-29.18686
-23.42776
-31.34677
-33.12032
