1.913754
7.26995
7.869189
5.740119
5.448564
4.835896
2.382509
1.870982
-0.03057486
-4.375432
-2.653342
-3.911413
-8.60663
-9.127669
-7.531837
-5.714369
-12.39878
-7.921175
-7.159607
-8.704506
-5.990377
-11.42054
-3.883682
-6.771671
-8.731146
-6.346863
-6.893188
-7.18519
-5.855439
-10.24231
-8.202952
-7.244772
-16.61048
-7.32597
-11.36799
-12.01382
-24.56335
-12.38498
-8.471426
-6.014723
-3.610056
-13.4119
-8.05942
-7.336759
-6.946214
-6.043608
-5.474799
-5.595961
-3.687876
-1.267049
1.063171
1.542309
3.227772
2.21604
3.656107
16.48453
10.89636
20.86226
32.62637
18.58946
11.15127
11.36288
3.30957
3.209348
8.848568
-5.283901
0.9204669
-0.7232186
-2.356521
-2.237295
-2.252388
-3.496194
-3.9691
-5.947225
-2.714478
-7.899751
-12.44094
-8.062397
-9.163219
-16.00855
-11.63927
-12.83546
-15.72725
-23.66671
-14.58567
-12.36112
-27.01921
-12.09826
-25.57424
-10.95539
-13.66714
-9.328917
-13.95512
-12.83741
-21.89791
-24.37559
-13.1628
-14.23545
-14.39793
-15.57261
-17.24076
-14.47416
-13.07376
-4.958194
-1.378504
-5.201559
-4.964253
-6.689521
-3.658658
-13.33044
-6.625872
-7.97206
-3.664752
-6.479297
-11.01952
-5.535728
-4.516229
-9.037878
-5.974438
-7.789141
-3.191922
-4.525991
-3.495719
-5.001392
-6.578968
-8.093575
-6.2502
-7.469969
-11.94071
-6.721146
-5.321494
-12.0372
-5.790853
-12.34951
-9.133404
-6.156893
-13.22802
-11.27921
-7.675673
-16.32728
-6.168127
-11.39233
-5.833501
-12.21555
-12.2985
-22.82839
-8.115537
-6.969728
-11.15891
-11.72056
-13.06623
-15.86865
-12.76124
-28.06898
-10.54948
-11.1062
-10.60136
-7.243426
-5.321319
-5.257775
-12.19244
-8.54282
-2.142636
-8.151614
-9.124699
-9.240213
-8.091315
-5.24929
-8.155039
-3.812981
-1.352936
-1.613334
-10.61173
-3.662813
-6.611983
-4.822946
-5.339574
-5.332023
-8.324478
-2.361696
-2.659829
-2.861545
-5.77543
-3.003041
-3.638916
-2.111527
-1.475478
-1.296964
-0.6581362
-2.030518
-1.502089
-4.905607
-3.82562
-4.69314
-4.986493
-2.623003
-2.057342
-4.061973
-3.032897
-2.285297
-1.152359
-1.315177
-0.4171609
-2.214866
-2.805963
-3.719157
-3.379206
-4.371243
-4.398176
-7.708601
-5.59304
-6.161982
-6.112999
-7.240731
-6.849039
-7.085996
-9.327286
-11.75467
-9.022193
-11.46602
-9.745813
-7.600915
-13.09515
-14.35546
-5.948264
-23.17913
-14.02845
-18.63259
-29.58695
-7.307515
-12.82647
-16.72632
-11.26172
-14.68428
-10.53123
-9.006724
-6.723951
-5.335583
-4.760214
-3.759845
-4.065876
-3.81662
-3.78213
-4.027843
-2.890856
-5.340826
-6.297846
-4.884466
-1.137722
-3.112779
-2.85798
-4.82839
-5.567904
-5.232521
-2.983041
-3.396489
-3.084888
-1.954273
-3.640605
-3.68128
-6.112148
-7.419355
-8.040817
-2.477664
-2.871105
-5.332752
-2.855365
-3.939763
-5.475095
-1.26446
-7.957798
-6.361573
-11.13714
-4.851245
-5.734791
-5.877676
-9.002836
-8.83576
-9.009718
-4.797069
-11.40365
-3.555692
-4.89409
-5.337257
-6.103893
-16.78413
-4.660121
-4.550696
-9.097015
-26.22637
-17.39441
-13.81707
-10.76924
-8.410151
-14.39889
-10.99837
-9.340824
-8.751813
-9.018061
-9.105881
-15.76043
-12.20026
-17.40207
-15.60752
-21.09517
-11.56125
-12.41941
-12.24951
-8.248623
-14.89264
-15.77282
-10.01921
-8.593311
-11.38967
-8.123731
-11.08045
-19.01489
-8.841523
-9.454575
-10.73524
-7.870018
-8.310343
-4.599167
-3.623843
-6.15914
-5.723179
-10.08459
-6.356299
-7.788177
-4.518218
-5.618142
-14.03081
-4.589643
-6.860018
-15.17919
-11.78144
-9.21556
-4.200052
-7.367005
-4.851942
-8.881693
-4.790843
-4.857684
-2.601695
-9.47683
-15.81476
-5.185276
-1.50076
-2.18301
-1.693429
-3.880753
-1.595948
-4.659916
-0.6198921
-4.508837
-0.7525552
-0.9661788
-3.04677
-4.505679
-4.784769
-0.2157205
-2.491741
-4.845801
-3.600859
-10.12081
-5.206428
-6.267919
-4.479407
-3.267609
-3.752929
-4.952422
-4.373132
-2.367905
-2.578284
-1.697847
0.8149955
-11.38696
-4.04404
-3.319931
-4.373639
-3.764752
-2.921617
-2.316474
-7.278109
-3.823774
-4.939746
-1.595096
-3.738128
-3.660681
-3.796568
-8.477007
-10.98878
-8.110521
-4.798018
-4.841724
-6.914113
-9.048117
-13.99522
-5.314641
-4.341876
-6.433089
-4.34916
-4.968079
-2.790547
1.157236
3.655044
2.978668
-1.242592
-0.4078746
0.2559943
-15.59268
1.632957
-8.257479
-0.6965255
-6.899221
-0.4868135
-8.624958
-1.274007
-2.136035
-14.69085
-1.097756
-2.869431
-12.60187
-3.729052
-2.91484
-7.738661
-23.255
-4.159997
-3.68651
-3.241267
-9.039876
-12.723
-21.89524
-22.5603
-7.312758
-5.675535
-6.694521
-2.972527
-5.528305
-8.159235
-7.659887
-16.50828
-25.46884
-21.36219
-12.11002
-17.5119
-10.00241
-10.96726
-11.48201
-8.63886
-11.6533
-11.424
-12.3732
-17.76591
-11.70008
-13.62872
-13.17679
-13.3807
-11.3579
-9.27777
-6.767778
-11.88663
-5.727074
-6.233692
-5.353095
-6.695017
-6.960363
-6.248202
-5.648925
-4.303738
-3.231384
-4.594212
-3.580034
-2.436123
-4.697642
-3.498389
-4.888054
-2.087488
-1.961879
-2.001093
-2.387765
-2.321449
-2.784842
-2.595161
-3.844067
-1.971264
-1.966475
-3.186312
-2.295877
-6.825344
-4.082418
-4.496616
-3.435888
-3.508508
-3.707974
-2.432196
-1.923638
-2.817996
-3.566381
-5.697091
-3.957172
-2.172087
-2.070398
-3.444973
-4.159651
-2.9522
-1.459051
-3.742385
-4.400876
-3.124692
-3.56193
-5.7157
-4.640848
-1.982594
-5.141109
-5.748532
-6.625908
-7.098837
-7.81586
-10.53826
-7.551341
-6.269555
-5.178339
-5.386795
-5.27912
-6.045552
-7.502111
-6.53522
-6.486091
-4.806306
-7.840218
-4.653823
-8.422519
-9.041023
-7.522323
-7.251329
-8.290747
-9.845462
-12.61738
-5.587337
-6.873068
-8.062693
-9.601574
-8.582889
-5.917427
-8.663682
-6.163782
-11.02254
-17.64631
-9.116091
-13.63953
-6.826443
-12.12348
-9.655079
-17.50363
-9.158921
-12.82639
-11.46311
-11.27149
-11.08065
-7.362669
-9.844789
-6.852111
-6.669288
-8.713597
-7.417247
-8.077549
-8.130999
-11.4795
-7.727334
-6.126541
-8.270084
-8.044254
-6.582223
-13.38751
-9.404136
-8.385772
-19.30424
-11.61825
-13.41242
-13.19351
-7.966712
-12.96436
-9.441872
-12.52753
-9.297128
-20.26423
-13.58851
-11.15689
-15.31617
-30.68746
-25.73697
-20.40039
-33.43063
-18.2579
-18.70791
-16.34169
-12.60991
-14.1743
-10.93806
-14.75032
-36.36558
-19.43834
-14.55803
-20.28717
-41.48666
-8.979546
-12.74404
-16.57235
-14.81567
-11.35144
-16.50736
-13.30992
-18.30168
-8.621214
-12.19718
-15.77713
-12.38102
-19.79161
-21.62564
-9.7545
-19.47962
-11.7487
-9.123811
-11.71437
-16.55972
-11.4481
-11.83166
-7.93284
-14.28106
-12.09059
-7.399657
-10.38353
-7.007051
-11.6244
-7.628043
-9.217597
-8.077413
-8.241702
-6.03905
-8.484903
-6.409349
-5.647862
-6.265639
-6.7075
-13.69911
-8.316378
-7.497325
-7.405058
-9.296062
-5.086167
-8.1642
-9.293258
-8.94479
-5.914571
-10.97123
-8.145907
-7.470536
-5.929981
-6.286204
-6.267018
-8.399551
-8.236797
-10.22944
-5.63983
-5.220732
-5.311321
-8.307057
-6.603555
-4.767288
-7.5064
-6.602595
-5.612943
-6.518205
-4.22411
-7.692551
-9.305744
-5.19372
-7.576314
-6.998729
-8.021623
-9.155166
-7.522631
-7.008787
-7.909739
-7.33418
-4.762768
-5.565008
-8.253809
-6.744854
-5.496299
-6.291612
-9.506878
-8.56818
-10.38496
-8.656763
-11.4751
-8.622789
-15.48082
-13.81557
-8.760695
-10.80453
-10.07694
-8.409407
-8.765304
-10.48115
-8.157576
-10.74493
-9.297629
-7.638874
-7.638808
-7.488924
-7.010632
-7.483678
-9.066611
-8.521094
-8.625967
-9.808002
-8.234861
-11.32946
-9.168768
-7.950069
-7.542775
-9.469485
-8.813572
-12.0182
-10.81978
-9.849146
-19.80565
-12.78569
-10.03085
-16.22207
-15.04738
-12.44522
-16.96859
-14.85898
-12.03294
-13.20324
-12.55477
-9.827882
-8.50089
-6.443699
-9.309236
-17.55448
-19.72153
-13.3731
-12.56512
-12.51613
-10.41948
-20.52199
-18.14037
-13.96219
-19.63336
-22.03352
-32.1814
-13.7192
-19.0166
-14.05211
-13.64051
-33.16833
-29.06701
-16.96418
-35.18197
-15.35632
-19.88771
-13.51218
-15.98629
-16.40053
-14.236
-12.11893
-14.5845
-12.35344
-13.58999
-11.85687
-15.67681
-15.09379
-19.0118
-15.49732
-17.7611
-15.80047
-13.39911
-14.56877
-15.36211
-11.93317
-17.39897
-16.97969
-14.1653
-15.35504
-10.24901
-12.17143
-17.70109
-13.37494
-11.69127
-17.389
-12.82298
-17.7966
-10.69556
-11.00066
-15.32981
-9.167226
-10.40996
-8.827728
-14.04403
-13.52007
-8.60998
-7.359395
-9.225998
-8.657137
-8.965098
-8.036164
-6.193131
-9.732405
-13.6363
-9.553144
-12.34798
-7.629274
-16.30108
-12.0913
-16.50562
-12.75093
-17.46518
-12.88037
-11.0514
-12.39715
-10.914
-8.126317
-6.067517
-9.518408
-9.292127
-11.16549
-11.27947
-12.25465
-10.07104
-11.81871
-12.79256
-10.74944
-22.38538
-11.65773
-10.30071
-12.19404
-10.85448
-14.49166
-11.11176
-11.58918
-10.91765
-12.02706
-12.13537
-10.2664
-10.07954
-8.271893
-11.09463
-8.941932
-10.46238
-9.975248
-11.24754
-9.747498
-8.847805
-12.26038
-23.9994
-19.4786
-20.352
-17.4417
-16.58868
-16.58402
-15.04955
-25.13282
-11.78516
-12.58425
-9.981281
-11.2182
-9.497934
-10.2457
-8.771845
-10.92451
-11.40145
-10.42143
-10.98152
-13.02574
-12.42763
-10.21064
-9.496355
-12.15556
-14.70873
-10.94453
-10.90699
-10.17583
-16.20001
-15.08883
-10.11789
-17.9022
-12.73276
-16.06891
-12.33367
-13.50834
-19.20905
-14.47807
-13.34523
-19.71803
-40.91549
-20.50581
-23.19436
-17.44112
-30.54701
-20.94259
-21.83095
-20.30312
-30.04293
-20.33765
-19.06556
-14.43939
-20.15799
-12.72824
-11.55779
-9.63344
-15.17826
-14.09132
-12.05323
-11.82921
-11.20582
-11.88122
-13.92821
-10.02181
-11.82684
-13.50173
-10.62995
-9.649025
-17.52505
-10.55732
-15.18083
-10.38404
-10.53776
-13.28635
-13.77733
-13.04296
-12.72096
-14.40583
-13.40578
-16.83247
-19.88766
-13.4106
-19.785
-14.42329
-15.50224
-15.47951
-9.832764
-13.58153
-13.0434
-14.88699
-12.15488
-14.67942
-16.82537
-16.88726
-15.03089
-21.25471
-22.00078
-16.83956
-18.5267
-16.47244
-23.46605
-23.16922
-17.86733
-12.46525
-16.05241
-13.04719
-13.01791
-10.21624
-20.01064
-13.35647
-10.30588
-14.39221
-14.52416
-15.54963
-14.61371
-12.21337
-15.60765
-14.24729
-13.34176
-11.52426
-15.49112
-11.53258
-10.71739
-13.26207
-13.87106
-11.69908
-25.08276
-14.07247
-19.30449
-15.90357
-18.90561
-25.85083
-15.12198
-16.7099
-13.5899
-17.41769
-13.01511
-17.77817
-20.46322
-20.77847
-18.22656
-20.32876
-17.81683
-17.20933
-17.56726
-18.62214
-19.17848
-21.42283
-19.56435
-16.07452
-20.79794
-14.09596
-13.93593
-14.47567
-13.41072
-24.42292
-17.03728
-13.00214
-16.43202
-17.22518
-24.08514
-16.39031
-18.0567
-22.95997
-17.37254
-22.61588
-30.16496
