-5.98335
-3.031384
0.6479111
-6.190609
-3.896346
-3.055991
-8.190054
-6.667498
-6.593367
-22.5198
-10.59769
-11.49331
-37.44857
-14.66283
-13.71044
-10.1191
-20.30263
-15.27871
-13.13729
-22.95568
-10.66865
-16.7006
-7.634158
-14.67207
-21.91581
-13.00185
-16.98391
-17.79858
-10.18375
-19.89956
-17.59652
-11.50457
-13.47371
-6.520386
-7.136402
-12.49596
-15.61589
-16.31511
-14.89177
-10.92414
-4.924929
-8.555585
-12.15652
-15.57646
-17.052
-12.17466
-14.43333
-19.20929
-13.86296
-10.74387
-7.219275
-9.794504
-3.14176
-6.967415
1.996252
14.73792
11.85404
20.54111
31.56399
17.62356
0.8667219
3.387231
0.6247873
1.055846
6.030937
0.8259627
-6.327333
-15.48106
-17.39468
-13.18194
-12.99837
-13.64205
-15.1014
-26.45589
-8.337538
-27.03671
-29.38154
-10.94835
-15.77813
-22.66934
-9.95282
-9.641235
-12.99422
-15.91035
-11.84474
-11.88533
-15.9089
-12.20708
-12.89943
-12.57374
-23.33406
-11.67896
-32.55557
-16.42422
-22.37132
-18.85794
-15.87242
-20.95844
-20.73567
-20.21012
-20.01884
-21.88183
-12.82335
-6.704543
-3.231918
-5.163854
-9.051253
-18.32768
-7.904731
-13.54028
-11.47049
-17.15015
-8.958382
-12.70655
-12.87386
-12.0999
-9.957704
-22.33392
-13.56471
-28.97496
-9.96818
-19.25854
-11.80236
-15.52188
-11.45563
-18.13072
-14.52203
-16.8873
-21.41598
-10.81933
-9.433395
-13.56882
-9.366904
-23.23079
-18.77694
-11.0051
-19.76632
-27.48417
-12.07355
-15.55806
-9.254335
-21.37127
-9.537584
-25.46622
-18.50995
-16.71717
-13.65264
-12.15484
-20.45823
-16.69999
-18.47288
-17.13691
-13.82211
-13.33202
-12.61544
-19.74484
-23.20708
-15.372
-9.431921
-6.762871
-11.00171
-25.46528
-5.496129
-20.10255
-21.34418
-17.21794
-12.80793
-11.09204
-25.74435
-13.259
-9.678741
-7.403001
-10.67404
-8.879852
-19.57061
-13.88365
-17.68256
-14.60872
-19.80099
-9.47804
-14.42167
-12.07902
-33.23186
-11.74423
-20.28283
-11.92473
-11.78916
-12.11367
-9.7313
-11.84552
-8.554022
-29.04292
-13.5049
-17.35387
-16.5375
-12.60861
-10.81913
-16.33816
-10.84831
-9.321905
-9.592134
-14.71164
-9.086009
-14.07439
-13.66288
-14.14028
-12.95584
-17.62124
-13.2112
-24.13522
-14.47079
-18.47029
-17.10884
-19.04353
-13.16836
-12.89328
-18.40308
-21.60591
-16.31158
-34.2578
-16.0604
-11.08171
-20.67096
-16.57058
-6.629118
-9.907953
-15.37183
-21.66081
-19.75627
-6.454823
-11.64296
-14.20113
-12.12226
-22.27737
-18.12051
-14.33669
-15.72362
-11.66664
-14.84396
-13.7662
-15.45222
-14.58258
-15.59934
-17.98832
-11.05473
-17.91288
-17.24904
-24.17842
-7.919695
-17.48139
-12.05239
-17.41234
-15.83252
-12.55259
-11.23216
-13.14745
-12.50242
-10.04206
-18.43208
-13.36652
-22.20938
-23.37153
-24.78357
-9.749185
-10.50762
-12.46957
-11.0388
-14.93744
-21.22379
-5.093573
-10.43842
-12.2111
-10.62335
-9.992887
-15.85871
-12.66745
-16.1566
-14.08264
-16.23662
-9.493365
-14.43664
-8.970117
-14.7667
-16.35958
-11.19614
-8.563154
-9.019325
-9.126912
-12.74935
-17.74055
-17.52579
-15.70246
-12.59887
-10.19885
-20.05985
-19.87449
-19.68598
-18.20458
-15.69584
-12.24435
-12.08266
-13.34995
-22.5526
-15.19033
-22.22578
-16.77392
-23.99652
-29.63887
-12.06014
-25.85922
-17.28212
-11.25126
-11.04071
-13.18872
-12.12886
-19.79911
-14.8305
-11.53722
-13.33196
-15.9798
-14.13877
-21.44408
-13.23566
-10.31122
-18.79652
-10.77854
-19.53478
-12.66908
-17.97421
-9.723682
-8.996968
-12.66722
-9.087212
-14.06495
-14.51542
-19.77517
-24.20234
-9.631269
-24.62696
-11.06126
-18.19638
-11.79873
-17.49775
-7.310593
-12.41938
-7.011875
-11.69236
-8.347739
-13.30856
-10.66126
-22.10365
-8.241511
-19.97451
-6.192002
-15.61243
-8.328789
-10.10165
-14.86357
-11.92208
-20.60248
-6.500592
-14.95009
-26.19165
-10.06109
-14.01931
-12.09849
-24.80066
-12.91751
-10.81625
-14.04892
-18.02779
-19.71837
-11.85178
-13.53659
-12.58554
-3.006768
-7.186522
-5.09736
-10.6977
-18.63838
-16.0618
-11.4721
-7.948097
-19.81646
-11.92731
-26.10905
-8.472736
-18.70043
-12.89958
-11.09163
-34.68138
-20.68872
-17.69033
-13.26349
-13.27551
-19.56794
-19.65367
-16.79644
-12.32065
-12.93931
-27.77172
-10.49991
-15.56851
-16.87365
-7.075549
-1.798874
-0.1196913
1.417772
2.531593
0.9627744
-1.461173
1.951422
-0.3152656
0.7706093
0.08554159
0.7052161
-0.3204951
-0.212881
-1.325005
-4.80749
-1.578635
-3.045893
-4.964943
-3.807986
-6.045886
-12.01771
-11.30254
-6.001844
-9.924663
-8.176418
-15.15977
-9.207135
-21.48757
-15.30676
-11.6733
-13.02063
-21.46473
-8.323542
-16.85909
-19.62081
-12.61959
-16.30246
-32.90244
-26.62417
-15.18114
-15.74674
-13.71293
-20.91444
-23.13283
-14.9809
-28.39451
-18.56409
-20.64096
-23.18375
-18.14545
-32.54268
-21.27894
-26.28447
-24.75162
-15.0229
-10.62206
-16.20072
-12.65795
-19.07052
-14.59556
-21.16116
-18.72829
-18.38626
-19.62246
-16.36565
-12.60544
-21.77811
-13.21927
-9.654026
-22.16009
-13.03672
-32.8572
-11.46056
-13.72732
-13.61908
-14.97664
-13.1955
-15.22871
-12.15507
-21.50822
-11.65412
-12.23039
-16.8122
-8.937736
-12.67436
-13.28688
-18.86449
-10.96461
-11.98096
-14.3656
-11.8845
-11.88861
-14.83253
-14.4777
-27.56375
-17.0326
-12.22212
-11.5302
-16.16121
-18.57439
-15.22087
-9.208622
-18.66464
-18.55246
-13.32423
-13.9599
-20.45572
-15.5915
-8.579057
-15.74716
-16.06885
-20.2185
-19.44336
-17.77413
-19.12113
-18.22039
-18.5833
-14.58489
-15.09969
-14.70884
-16.24934
-21.6803
-17.78278
-21.92155
-12.48623
-25.35055
-9.703349
-14.76866
-24.44982
-17.72122
-17.27152
-18.90182
-16.97599
-18.65216
-10.67944
-13.24708
-11.40241
-12.55936
-21.53458
-11.66722
-21.89383
-10.61537
-13.72348
-19.86642
-13.6586
-20.75031
-11.0374
-23.33606
-12.63951
-10.46851
-11.40962
-15.68836
-20.72412
-23.85538
-30.50064
-14.158
-23.63812
-15.06042
-15.84368
-19.64423
-16.64647
-19.90574
-16.72565
-24.29044
-18.06192
-13.70278
-22.99257
-20.18172
-9.855312
-11.57037
-10.7916
-9.989389
-15.15296
-16.81103
-23.07018
-21.13253
-12.37498
-17.91249
-15.0066
-20.24057
-11.70729
-15.34952
-21.60448
-17.25994
-23.21848
-23.66727
-22.55543
-17.82246
-39.60488
-21.47625
-29.61357
-26.42293
-18.89764
-28.7874
-14.64374
-16.41798
-18.63701
-20.10812
-17.75542
-29.97741
-16.15993
-11.00646
-22.00729
-25.40939
-19.656
-13.3193
-18.8411
-18.97525
-19.95242
-12.37693
-25.4334
-28.50542
-17.37311
-25.76473
-21.00692
-12.25828
-19.19701
-20.48601
-14.36938
-18.11312
-20.96653
-17.05368
-19.36698
-11.79613
-17.91994
-26.7406
-13.28855
-32.79836
-12.9409
-22.27649
-14.11936
-26.55795
-18.47322
-25.69561
-13.64193
-23.86655
-14.0492
-11.19772
-11.1967
-11.66631
-14.90473
-15.27398
-15.30779
-17.2941
-25.19385
-11.12791
-25.23888
-24.56198
-29.25101
-11.88724
-25.11572
-18.54644
-20.97104
-15.72343
-17.97877
-14.12098
-23.93312
-18.77951
-21.34865
-13.02057
-16.00603
-13.75846
-19.57409
-15.69074
-11.60425
-24.0263
-18.91983
-15.25274
-24.38684
-10.97268
-20.01728
-32.07712
-11.37611
-19.21208
-17.21893
-19.31376
-28.09805
-18.69371
-17.57069
-23.05223
-19.93818
-11.16901
-12.15477
-18.14687
-15.11238
-14.21293
-14.84243
-21.29267
-17.94118
-24.87906
-16.00011
-20.45587
-13.36522
-24.14224
-35.98777
-14.89036
-26.12277
-21.34412
-17.8971
-18.73959
-25.49705
-15.04506
-28.23655
-20.74445
-16.10119
-16.61374
-18.28185
-17.08871
-15.60602
-14.88906
-17.5154
-17.33454
-17.11918
-14.24162
-21.87981
-15.1723
-17.88263
-15.86686
-20.26037
-14.61273
-25.48462
-15.54756
-12.97883
-18.25999
-18.9191
-13.33168
-21.04955
-22.35422
-17.71188
-27.70676
-26.88793
-19.46227
-18.75911
-18.38856
-19.09398
-20.37306
-12.53956
-15.04293
-17.92599
-21.72628
-20.425
-21.50484
-25.77029
-14.15492
-25.0697
-16.90704
-16.18885
-23.35509
-19.55173
-22.03593
-13.71567
-15.46932
-17.30371
-17.28035
-24.36541
-29.19948
-17.5213
-21.13461
-15.57059
-25.98094
-18.66956
-29.25373
-30.5022
-18.06289
-15.56281
-23.85451
-17.25751
-17.91367
-17.20288
-25.50744
-18.0528
-18.95539
-18.4509
-23.78296
-27.63582
-18.65019
-24.40295
-37.47779
-16.58887
-32.3488
-35.45239
-21.61468
-37.25211
-16.45703
-21.76739
-25.61724
-23.47176
-17.96277
-22.95328
-15.92495
-18.47708
-17.12231
-19.61866
-23.08995
-15.5838
-26.82339
-14.86244
-23.21044
-32.93497
-16.76393
-14.89795
-21.70748
-15.77295
-20.48467
-21.28861
-12.98268
-23.68091
-26.20641
-15.29256
-16.15125
-10.5634
-17.84228
-17.74288
-26.25189
-18.52323
-26.78974
-23.69304
-19.70657
-21.41862
-22.14615
-19.61643
-12.86223
-23.40231
-16.90753
-26.62464
-22.52198
-23.85958
-16.26064
-19.28296
-19.6384
-14.29134
-15.20041
-17.46396
-17.83245
-21.99045
-17.72597
-29.35774
-17.64506
-21.78696
-20.70809
-23.49032
-26.16138
-18.61727
-24.95443
-15.40855
-21.92874
-17.03058
-23.46714
-19.88592
-22.21256
-19.00911
-16.31933
-21.42632
-21.27703
-19.08456
-15.5421
-18.4388
-16.97574
-14.2774
-15.93639
-19.41644
-14.79368
-17.75203
-17.42605
-21.50865
-18.03843
-26.11068
-16.46562
-21.15916
-25.85863
-20.34303
-21.81314
-32.26679
-28.12882
-20.5504
-17.85298
-25.99425
-34.49701
-19.70536
-23.46046
-16.43454
-23.60013
-21.86224
-13.86524
-22.42022
-18.41432
-33.81491
-17.69362
-18.80728
-26.71383
-21.44976
-18.41604
-28.01355
-22.26618
-24.08273
-31.77716
-18.99868
-19.00007
-23.97005
-29.60746
-23.45084
-28.25439
-27.36423
-33.19361
-19.35074
-24.39255
-19.77535
-20.73851
-15.20789
-28.85575
-26.93867
-21.5131
-23.44124
-20.92179
-21.34142
-19.9666
-15.23465
-22.78935
-28.44676
-20.33739
-15.47035
-19.97093
-14.0733
-20.3094
-16.35678
-15.76798
-19.26145
-18.20308
-21.8691
-19.81355
-23.6081
-20.96006
-28.68665
-31.47812
-17.09053
-27.357
-20.28292
-18.68295
-16.71694
-13.12778
-23.2467
-21.51508
-23.00287
-16.03995
-19.14511
-20.62341
-17.14974
-17.34967
-18.80495
-25.84335
-22.94815
-25.65615
-19.80425
-21.12712
-30.90432
-31.04646
-17.40397
-31.30562
-21.99566
-28.04769
-14.42321
-20.58168
-23.95333
-16.27447
-30.59457
-23.97473
-22.63079
-24.17712
-19.04552
-29.77093
-21.65385
-16.63054
-17.09199
-27.96744
-18.68296
-17.32479
-25.8139
-30.81562
-15.88944
-19.17229
-17.54005
-29.31826
-18.13999
-18.18357
-22.71637
-19.68095
-22.94642
-18.15512
-31.16975
-18.03319
-37.83224
-25.55783
-19.62395
-21.05668
-31.38828
-21.03319
-17.88757
-21.439
-29.90903
-28.53632
-23.19386
-17.76338
-19.00753
-28.70975
-20.99111
-23.79914
-24.19589
-17.08264
-17.67286
-22.13569
-18.27677
-27.11344
-24.71924
-27.06872
-17.91687
-20.07044
-33.37482
-21.3133
-43.45766
-49.60463
