-10.41446
-7.876982
-2.882129
-12.55153
-11.93502
-7.375303
-8.321603
-17.26039
-8.671542
-11.66996
-16.66444
-15.57195
-16.41217
-13.09556
-12.69096
-10.37842
-18.79682
-14.44372
-11.62799
-31.28225
-12.42089
-13.6262
-9.874939
-15.64904
-17.00018
-14.322
-21.69718
-25.06859
-11.41885
-16.98931
-27.38268
-14.76446
-14.58839
-8.374577
-6.850616
-14.35728
-14.93585
-18.34468
-20.52009
-12.58279
-6.394614
-7.259087
-22.52953
-15.66506
-33.75167
-11.50152
-24.09101
-18.9368
-11.80478
-17.42279
-14.17887
-17.43689
-17.48135
3.663981
5.724253
18.23488
20.22424
19.0974
31.76168
16.13846
17.7908
6.071158
4.281089
0.6771516
4.662322
1.948095
-10.27552
-24.11042
-15.21833
-16.26034
-19.29524
-15.26186
-28.86035
-18.70541
-10.44265
-19.30014
-16.39748
-10.23414
-16.62963
-28.27889
-9.040256
-10.76705
-14.50627
-18.99142
-12.65085
-12.69214
-17.82927
-14.41943
-13.32034
-12.81503
-22.54449
-11.43172
-27.44795
-17.30009
-22.40924
-16.79889
-16.40726
-19.67352
-21.10455
-22.54794
-19.87078
-24.28182
-11.50255
-8.477646
-5.024871
-5.013807
-15.18757
-13.36352
-10.78923
-10.15585
-17.58705
-15.38484
-11.17854
-15.28612
-9.827338
-17.36754
-11.19189
-16.524
-25.22973
-16.39663
-15.24201
-35.21181
-15.01787
-27.8677
-10.05471
-18.76572
-15.19712
-27.83517
-14.93222
-10.96104
-11.88763
-11.56039
-12.9919
-16.01051
-18.49035
-13.60586
-15.00995
-25.70773
-16.07719
-14.08891
-12.3078
-18.61121
-10.78596
-21.7971
-18.88822
-12.33635
-14.20862
-11.52682
-20.96184
-14.65479
-25.89933
-18.20666
-18.12071
-12.584
-14.9887
-27.42722
-22.35643
-21.8354
-10.46283
-7.987834
-8.131235
-18.30408
-6.271002
-21.07179
-21.25434
-17.16624
-12.2737
-16.69031
-15.21776
-14.85116
-11.18396
-10.84413
-7.170177
-16.89022
-15.97752
-20.13781
-25.19131
-29.16484
-11.97702
-14.38201
-19.01749
-19.8745
-14.21201
-19.28953
-23.47161
-16.60358
-21.88574
-16.82596
-16.27508
-11.92572
-12.07929
-15.95832
-17.6258
-19.86529
-13.9181
-19.82465
-15.46881
-17.03602
-14.31427
-10.56628
-15.38072
-30.39191
-15.14466
-18.33057
-24.54903
-15.84055
-19.33069
-39.02712
-20.54273
-15.51761
-19.12394
-23.29489
-23.21107
-23.63504
-15.20298
-14.37358
-22.53447
-16.17419
-22.92402
-22.47678
-16.81072
-12.46517
-17.56805
-15.19442
-7.989769
-10.21348
-18.54255
-17.70672
-26.16097
-6.051744
-10.89222
-11.05738
-12.02068
-16.10509
-24.74786
-11.25621
-22.74207
-11.98106
-22.00176
-21.41969
-20.80394
-20.43101
-27.84662
-25.64364
-16.48307
-19.14534
-13.23498
-20.82252
-11.21261
-21.00052
-19.4795
-21.718
-19.17899
-12.0257
-18.40104
-18.13485
-14.8197
-15.29651
-34.61002
-20.77389
-23.34773
-17.74684
-14.23169
-12.46202
-12.81077
-10.47885
-18.46508
-24.75585
-14.35215
-6.932395
-9.685337
-23.52578
-8.603513
-12.41127
-15.16909
-15.9723
-17.55993
-14.59507
-15.17143
-13.32066
-11.42929
-13.39981
-15.88777
-20.59288
-16.73858
-5.866355
-11.67789
-8.648737
-14.29176
-12.48371
-14.94225
-20.07337
-13.46662
-11.61919
-18.2947
-25.20124
-27.37699
-24.13426
-16.97938
-16.00253
-11.58957
-16.03431
-30.27045
-14.52507
-20.27954
-17.86804
-24.05257
-34.72414
-12.72602
-23.84046
-17.60015
-11.48716
-14.46099
-13.53038
-14.00338
-18.13018
-12.98701
-13.54046
-13.87683
-16.6427
-21.33009
-18.00055
-18.61361
-11.90719
-18.23465
-11.07508
-14.43568
-15.19013
-15.72591
-12.1972
-10.44969
-10.39326
-11.29468
-16.53348
-11.0904
-18.82627
-23.21976
-12.4263
-20.26467
-18.17697
-11.81261
-18.37168
-17.07711
-8.378819
-13.25254
-4.069658
-16.95006
-9.252755
-16.62372
-20.87316
-15.90849
-14.02129
-13.72222
-12.14254
-11.16135
-11.97723
-13.06351
-17.46575
-8.572048
-14.42407
-8.882021
-21.04794
-19.70682
-16.86216
-10.34223
-19.25487
-23.93135
-15.53193
-13.31341
-24.65819
-17.07595
-22.05856
-23.33976
-18.57535
-14.57567
-4.062783
-4.530677
-3.888623
-15.00122
-34.67015
-26.28518
-14.75655
-10.31565
-11.93404
-22.87592
-19.22735
-12.60722
-34.55582
-15.85752
-14.58747
-18.38966
-13.4979
-15.62882
-16.20381
-13.91289
-27.39516
-17.03532
-11.15267
-13.777
-14.75423
-24.07815
-12.16952
-12.70802
-11.60929
-5.153851
-0.9175043
0.941625
3.191134
3.432711
-0.8771464
-3.030333
-0.1350452
-1.714105
-1.846624
-0.9570112
-1.661877
-0.8533037
-1.736411
-1.604804
-3.715656
-1.547901
-2.759418
-2.769164
-3.167623
-5.389554
-7.752696
-6.493184
-4.350452
-9.054719
-5.994796
-13.40657
-6.662236
-17.10172
-13.38908
-10.70915
-13.18524
-26.34241
-9.805599
-23.13449
-20.7826
-16.97486
-14.26179
-20.85182
-31.28994
-16.51497
-15.3549
-15.30078
-26.12312
-19.65223
-18.28209
-27.15641
-18.03225
-32.7215
-19.31214
-22.28317
-28.63061
-20.17093
-25.95629
-22.52362
-15.99822
-12.80555
-13.63059
-19.19312
-21.26661
-21.49443
-25.65205
-19.06029
-27.25613
-25.56021
-29.60443
-20.71652
-22.38321
-17.41168
-12.797
-20.39577
-23.11029
-16.75713
-19.27386
-21.93061
-30.51311
-20.30386
-17.61052
-35.56306
-15.62228
-15.31414
-18.12202
-19.25178
-14.55084
-13.68351
-9.046221
-20.57143
-37.3376
-12.20972
-16.25653
-18.93211
-15.51786
-18.28057
-18.87654
-29.66643
-14.71301
-20.34979
-18.34554
-15.51873
-26.11872
-17.36908
-29.88626
-12.97761
-24.78843
-18.34011
-22.58467
-25.91588
-16.01867
-15.51609
-11.93537
-14.42352
-21.6495
-26.40201
-33.74151
-28.55768
-14.39807
-33.53437
-25.51651
-19.51097
-18.1897
-21.66243
-22.82069
-20.39572
-31.92629
-36.71756
-18.81996
-20.08313
-12.85636
-12.99472
-21.51054
-21.71473
-18.08908
-25.91086
-16.04714
-14.68817
-13.47155
-16.04397
-12.24257
-12.15143
-29.1936
-14.12965
-17.62262
-11.74157
-12.87717
-14.52443
-18.59363
-19.22363
-13.21342
-25.99191
-18.29549
-9.158234
-14.6223
-14.5897
-35.12729
-34.40168
-24.0529
-19.09543
-20.05804
-17.8223
-22.77197
-16.78035
-24.96568
-24.88622
-25.02426
-16.65334
-25.34188
-15.54531
-26.18505
-22.21999
-10.99697
-11.71314
-13.68414
-11.70018
-14.38998
-23.92138
-24.05316
-18.71699
-15.42075
-15.81327
-19.89668
-19.27281
-14.23239
-13.51559
-31.42859
-17.26775
-24.36026
-22.16927
-25.43679
-16.56569
-33.04671
-20.41285
-65.64437
-28.93152
-22.30345
-33.10707
-15.55007
-18.16069
-15.81967
-21.48758
-18.03903
-27.47978
-14.17099
-11.38705
-19.21061
-32.35357
-15.07972
-12.29589
-17.60529
-17.34498
-17.39482
-13.82638
-29.72199
-22.80723
-21.46864
-20.04587
-18.03316
-14.48403
-16.73237
-30.22783
-15.75631
-20.48913
-16.63055
-21.53684
-20.27741
-14.02104
-15.58228
-22.63201
-17.25082
-24.60192
-18.31699
-17.33376
-17.78711
-28.85486
-23.63324
-30.82611
-20.01642
-19.98039
-19.4794
-13.31993
-13.21622
-16.38865
-11.52588
-20.9696
-16.0169
-29.01427
-18.45908
-14.78778
-30.67911
-21.83979
-27.3805
-15.5116
-17.09981
-25.60286
-24.83992
-22.55169
-27.36772
-15.96986
-25.78226
-25.29768
-15.05287
-16.71051
-20.40753
-20.50508
-15.7775
-19.9901
-15.69614
-20.48838
-30.57074
-23.33163
-22.40172
-15.1196
-17.25609
-16.96187
-15.85273
-18.29633
-25.92537
-21.82841
-23.27621
-31.90941
-28.08
-25.56263
-23.30142
-13.67859
-15.33753
-17.17813
-17.70468
-17.2277
-17.47445
-18.36199
-28.0358
-22.80751
-21.16692
-19.03927
-16.54912
-17.81579
-21.7847
-17.66802
-27.32517
-20.60917
-23.6897
-26.69629
-20.61132
-18.16479
-23.0385
-32.48839
-20.28595
-20.13251
-28.41128
-21.17788
-21.28136
-14.03438
-28.9304
-26.21842
-16.67381
-19.88671
-21.05941
-15.03824
-25.46407
-19.72515
-26.86032
-16.50736
-23.80162
-15.18913
-15.40853
-14.80753
-20.97473
-14.53227
-21.30087
-25.24458
-21.73435
-23.3347
-34.06663
-22.68692
-18.66188
-18.87101
-31.13815
-25.24767
-14.04915
-17.29321
-14.8363
-17.00593
-29.2111
-23.54581
-26.45682
-15.05243
-20.35641
-14.13693
-16.53843
-20.42284
-20.98208
-25.75316
-15.87239
-15.25945
-19.47482
-18.44499
-19.74806
-22.78964
-19.33086
-22.75227
-16.2307
-27.46847
-19.39367
-32.90094
-28.54481
-18.0484
-17.17638
-30.26853
-21.48659
-17.57794
-21.37647
-29.95531
-19.87714
-19.24347
-20.53743
-26.17724
-39.39456
-18.57566
-35.51532
-29.65332
-17.30725
-26.44146
-27.37133
-23.2486
-26.65339
-18.29654
-25.87868
-18.75737
-31.98225
-19.45444
-20.97733
-18.20792
-17.02881
-20.56619
-25.88656
-17.59874
-21.3398
-28.28869
-18.099
-17.67642
-19.07014
-20.19386
-18.02483
-28.5335
-16.58553
-27.95071
-29.32151
-15.27817
-32.74201
-16.91813
-22.91513
-16.13585
-12.71861
-17.16239
-26.22488
-22.35513
-22.44175
-21.12432
-26.60087
-25.49253
-19.11225
-22.54248
-26.51197
-15.49433
-23.13103
-18.53742
-26.42552
-31.33745
-22.49462
-19.89163
-22.37002
-21.6191
-18.63626
-13.17362
-20.9186
-19.58013
-22.35004
-22.90721
-21.33743
-20.65546
-24.51767
-27.60931
-21.50175
-28.36651
-19.96168
-30.36599
-20.99084
-18.18295
-25.26396
-23.07799
-36.02644
-20.85126
-23.15948
-17.95958
-26.60683
-18.64462
-21.59321
-15.38864
-21.30646
-19.70197
-14.18706
-19.38856
-17.80421
-17.39579
-16.78766
-22.66287
-20.68807
-26.88544
-34.27935
-21.86851
-20.37206
-30.12135
-25.21982
-33.16579
-24.74301
-27.14899
-26.6099
-21.25776
-30.85296
-19.83155
-28.98698
-27.50105
-20.01307
-19.37234
-21.0994
-16.1289
-19.54523
-25.42475
-24.44878
-19.19344
-21.15868
-19.92866
-24.31626
-18.65949
-31.86279
-18.73417
-30.82658
-35.55352
-20.96667
-18.08812
-29.46391
-29.302
-24.34937
-23.82806
-28.72917
-34.47419
-22.77844
-19.45893
-29.05492
-20.44674
-18.1041
-20.1089
-26.3103
-30.23325
-30.60144
-27.27089
-38.68625
-18.10792
-17.6056
-45.78046
-21.90108
-25.89491
-19.43
-16.77476
-18.0766
-17.35652
-19.28577
-17.39018
-23.06285
-17.91675
-26.02807
-20.91492
-24.11588
-25.97198
-26.12619
-25.10742
-19.48156
-25.23268
-26.96036
-19.25953
-16.72902
-15.47608
-23.74907
-33.50884
-23.1294
-17.99921
-22.41805
-24.24425
-17.27533
-20.08176
-18.2318
-24.7681
-24.48162
-27.40897
-22.20103
-19.27087
-25.0169
-26.27881
-19.21264
-26.006
-32.52867
-34.62276
-17.54935
-16.14957
-42.50597
-17.83626
-29.13341
-24.87671
-19.68299
-26.19827
-21.98491
-23.45122
-31.07368
-15.7078
-21.97293
-21.25729
-23.61453
-19.78956
-31.14077
-38.45298
-19.07247
-16.97369
-20.92134
-33.60389
-20.43292
-18.36564
-21.03678
-23.96213
-23.94881
-20.75632
-26.89082
-20.39248
-39.80046
-25.98785
-18.86628
-23.60002
-44.72956
-24.08534
-17.5885
-25.28374
-34.73959
-27.12005
-24.41649
-16.86759
-22.35147
-23.69118
-26.58871
-28.20928
-26.32213
-21.2366
-15.19521
-21.75081
-18.87437
-27.65243
-37.34005
-23.13253
-18.98984
-20.48826
-27.30891
-22.82742
-36.2017
-39.0798
