-9.74720828775397
-6.24999509957429
-2.07592731514774
-5.89170748801302
-7.09461753471679
-5.26241748063171
-4.19046252138032
-6.70470868810032
-10.1700228929118
-6.37657203627452
-10.6809514188034
-14.034438758258
-12.8805883115219
-19.251440151543
-9.28774743336261
-6.82549283073568
-19.8135961960545
-11.2886660288855
-19.0699734155889
-9.57815674148102
-17.096704024547
-9.46679730409174
-18.1489337851076
-12.7895006936029
-19.2356208574104
-13.1171661222335
-8.82881644056313
-6.73327624196161
-16.5916750063108
-14.6759898549999
-20.1435991336264
-4.31909988979786
-7.54148953757856
-7.53407298824238
-10.0472542535538
-5.96828212636792
-10.4929530462769
-4.32731753491908
-1.89650731903148
-0.801338171938133
0.534931004764388
3.58159024319105
7.846880556719
9.90182753450988
13.2825815268287
16.584943410033
18.8911242997468
20.66774003329
21.5760840662641
21.6336417734393
21.4806323388763
21.3134829718617
20.3234930334032
19.7231158519421
20.3174720684101
21.5038328455446
21.0303457582353
21.002750914327
18.9037459480768
17.2768954283231
14.3771301489022
12.8258387419552
12.6159379318923
13.2707422297215
14.4119915229517
15.4628595353711
18.219492770844
19.8132730797382
18.2696494789799
16.4506644767563
13.7939268564489
11.9507179055997
8.75349769149462
5.87509397194298
2.03469944033113
-2.62772713517463
-3.61797107070627
-5.90356913446338
-6.17959280446066
-6.14821842976058
-10.2338202649906
-8.6556222106499
-10.5359621584651
-12.9779850462867
-7.66185946486515
-15.9602955761064
-21.5859217395625
-14.2579835885866
-11.1950226215373
-18.5983866469945
-8.16475225922695
-20.6421372875861
-19.9544677995799
-31.4582418228769
-15.5796162922129
-13.4236032515253
-13.1785287455288
-16.871826929997
-17.5870241813742
-11.4552289754224
-13.1139999214075
-14.0657689363655
-11.1555552430673
-18.4612441937982
-18.4967078669467
-33.8473172133982
-13.3902549431502
-16.9712799065678
-16.234844657581
-7.82528583941671
-10.6911738225048
-15.0711261530625
-14.789184120814
-10.8530492350556
-14.0563063032022
-17.399449510888
-19.2509732688921
-11.2754206387691
-16.5872396292415
-13.7711705668209
-17.2477977608372
-25.364459467966
-19.1377219286648
-12.118705247507
-7.37552409547832
-14.2840384780822
-14.9322282932672
-8.59506650398326
-15.6788370172081
-14.3682951246796
-12.6030700676034
-11.3332160262148
-12.4386226636984
-16.0910110713468
-22.605981578531
-16.8132116009356
-15.2058665381905
-13.4149253017664
-11.9131136563484
-9.57790954580992
-15.9137703494293
-16.5068694781562
-14.8163187679425
-15.2176330630474
-9.56687623398081
-8.92764323200481
-14.3456928846975
-9.6768341212069
-13.0437376570996
-13.8799111468306
-18.9467564549936
-11.7780789015095
-15.8225710036314
-9.47642707159998
-10.9432566647237
-10.8464297597114
-13.0938885345473
-26.1421801750996
-17.6179540055345
-22.0497405690051
-18.8569045719186
-12.0627323725601
-12.8732141066671
-10.574625486838
-12.1604325740853
-20.485370532337
-24.3953485045716
-13.1969404194355
-22.7760817827421
-18.0026015696185
-14.8641227193385
-20.206527174898
-29.2994594472344
-16.1156111342482
-14.5971113092365
-15.6639303537352
-20.919323280543
-11.6744361401839
-11.5254140368025
-24.3440649747503
-14.5321811329756
-19.8438433629489
-25.1621761147501
-12.8611380213753
-15.145015343018
-22.426104106334
-11.175536195035
-15.4514967554958
-19.908064930394
-13.7250276916798
-19.1992926631382
-16.6184644317198
-19.386883527488
-13.4391368551182
-17.3062426869806
-15.8687054290085
-24.1352088053
-18.0433429594286
-18.0129679308712
-10.3201999242943
-13.6081924611854
-23.0227592519127
-19.6761005307032
-14.4665705077929
-15.6603445682995
-17.150152659536
-12.458320010576
-10.4626845499309
-9.85991878737962
-24.0978782455344
-12.1818286897302
-14.3056067651808
-16.8690948052622
-8.68827811301317
-13.5202018500212
-21.528800718356
-38.2094319990915
-21.7404036891273
-12.716422442909
-28.9235595049126
-16.4017944910574
-13.4401199103049
-42.9045971896377
-22.4030372043001
-14.176651958349
-23.6390118654544
-16.0573383920154
-9.74637178722341
-16.9278156242712
-13.3369202216607
-7.8624308606267
-18.555065745664
-13.8505608501808
-13.5862046895481
-17.7929778847578
-23.1529639831957
-32.9869805040743
-24.4555740502575
-17.9601458492561
-22.6463536682649
-10.1418569953857
-15.9096357946141
-14.4215705515417
-13.5269796669935
-14.0670632581174
-18.2177587845363
-20.7323092794386
-14.6752240694993
-12.0065212329394
-12.0094359537092
-19.6048988134729
-14.0940911801735
-13.8600748981363
-7.09003343264656
-10.5102270271658
-12.455181393207
-11.8682606690334
-19.733708334452
-20.3649053506404
-11.239071095984
-11.646260404333
-16.833975339065
-15.1877339019985
-25.4087293925166
-15.3858853460299
-15.2465455349708
-9.87462255524871
-20.9675309758927
-9.05945260406575
-11.4038858054742
-13.4158985161481
-5.69179695044655
-10.031387035118
-20.5224944758721
-14.9265305888017
-19.0838722229814
-26.2928224589158
-19.3227052644826
-9.08648643277941
-21.0419708155395
-16.3635572642811
-7.49206783017505
-10.7813295477502
-16.0406986503973
-17.2077209725953
-12.6775868914323
-9.86997826260022
-10.1526192611011
-17.8260705151037
-11.1774821734465
-10.2130326624077
-13.8793494926669
-9.1216335811668
-15.5767497382089
-16.3821437813588
-23.5353578669896
-10.5262929454887
-12.6183623080178
-12.7413297586119
-13.0340371782944
-16.6732884512643
-16.215397739939
-14.3450073001425
-9.25316219048427
-23.0257881736959
-14.0142312913426
-20.7034613933992
-10.9396025420017
-6.9391429147848
-13.4975953944771
-11.8969499494192
-12.6697092223365
-16.2189485842408
-12.7487846698924
-10.7961396370435
-22.6107413623992
-18.7361586307505
-16.7447248673895
-9.71862018657778
-11.178062198972
-16.9462254588651
-14.5244988539836
-17.9037485790122
-12.621190471767
-13.637507451049
-16.3972113113893
-24.1923473783821
-17.3439758285439
-14.7980494832484
-9.41392481777409
-26.2787553229155
-24.8475231686294
-10.5631432066963
-29.8488489081507
-10.3460386068754
-16.2055115363254
-12.0315092570306
-14.8916460866919
-15.6974978130441
-20.1226317124478
-11.4140563314381
-17.0808287287853
-14.8484898918756
-12.5956856729234
-12.6903163977031
-14.4883847192659
-14.4471088244967
-8.11313576011096
-8.46928374653695
-14.3748463903184
-19.8136469847059
-14.1889700120794
-37.3785055013103
-6.85343529312777
-11.3657206252714
-13.6317840393395
-6.44673348619573
-17.6451501928587
-8.12171653382092
-9.21464086958227
-6.50771697012168
-11.9506001046084
-11.6412222230119
-13.7026016517104
-12.7461578749025
-15.3325584492504
-8.38181759907497
-10.1255946145313
-12.1961379290496
-7.63864548468533
-5.54632961665077
-12.5380682663121
-11.8243519637151
-7.75905631839837
-10.9535310360445
-12.1849110595063
-15.7005258707007
-9.33528976521276
-10.5171836367956
-13.1126057294303
-4.88298127273909
-7.8038435247275
-6.17880143058753
-8.0598942112958
-5.06126054984411
-7.35077761344
-7.07175553101961
-5.37773106671809
-4.81312420820287
-5.10059037404244
-3.52663542711368
-6.00619167691229
-3.68320565155391
-3.7595114173554
-3.47533002105554
-5.55047243377414
-14.1860803357306
-2.71061988904124
-6.89232942537963
-7.06087878812914
-6.11870498890681
-2.61899864920081
-3.26085316308319
-6.37898013345223
-3.86106645257319
-3.72837298852188
-3.0470329606614
-3.66744769937128
-5.58912561646254
-3.34557696056605
-6.71093629618138
-5.56919896468751
-4.86669232058837
-3.82635129755587
-4.69746381333862
-7.93143939994523
-2.30898937796699
-4.21480313608853
-11.6183880352887
-12.0962615137296
-3.59629089493338
-5.7914056176798
-5.13954390272325
-5.38416273271179
-13.7552848865826
-10.7655300439341
-4.04509683543372
-9.5780160994774
-11.2239113838536
-7.17936644230119
-7.50788030760718
-8.26125307749706
-4.25234938916141
-9.88465782370469
-14.6973002501767
-9.60589813602495
-10.4956348940646
-10.5742385504704
-7.8171861720459
-17.0515120029191
-9.66682294961864
-14.7562293983022
-10.8203218676446
-15.4567778770658
-12.8020236554266
-10.189512718164
-7.47592444249886
-7.26506146520832
-8.57081425149646
-22.9685397550776
-10.4720662781864
-5.66743687883288
-5.81019327566339
-9.49109216800783
-13.3052235874057
-11.0533958780841
-3.58503909461408
-2.15052376110858
-7.53416804562633
-5.89549268871758
-8.46405388775576
-11.7776574239389
-8.39488758223658
-9.01876319195666
-9.77667252388458
-13.6134260771909
-2.98018595902027
-13.8440419555754
-4.7094014772829
-8.27536114734193
-8.52233621320259
-4.72400302734159
-12.506567204486
-5.85029289467808
-6.93380340406903
-8.75634381423769
-6.89275768081263
-7.55118271924866
-6.99487068910305
-7.12691340929854
-6.33725363780915
-6.51707202933368
-8.68950355363274
-7.69473766220933
-16.6823143078319
-6.45102815567846
-12.0367569718879
-8.83350915273721
-11.9714371980023
-8.56005260184017
-10.0446672505608
-16.5136845023607
-13.4455246443265
-17.2519012607614
-9.59511865451953
-12.4687217695305
-16.0084427354233
-15.8879903959294
-17.70067349858
-44.3136116793539
-17.4168779028561
-17.9121009125858
-19.8091445537501
-13.5018925112998
-13.0328081086125
-17.526610300691
-23.2202047092272
-15.7353537417666
-10.2789848726858
-14.3811483402609
-9.68275259457298
-11.750369128459
-14.6661509411655
-29.0063798360028
-17.6821445668425
-18.5115765118222
-21.5629471724083
-24.3605423091722
-20.9939128628455
-19.795196593192
-15.4230971104084
-14.2693222141939
-13.3039371179899
-16.4965698730955
-13.0135754556643
-13.2902093539143
-13.5050041916286
-12.0979881283922
-17.3593561453864
-13.382214754568
-12.7364732377029
-18.0256412896371
-8.93856629684311
-13.3728909716706
-21.5368021344374
-16.1233869898843
-23.5090745691233
-17.8320718752561
-17.0316501029432
-16.6484366042789
-22.2405568342332
-15.0765732610202
-12.255305872696
-15.4099073686185
-21.9595193462223
-20.3024436887595
-22.2693921890573
-16.1421868598797
-25.3470910345511
-15.3752964735884
-25.6796789192212
-20.0669142987227
-17.6927472263652
-20.8735594365826
-17.6948196210279
-14.9193816348834
-36.6380110892174
-15.5099423239722
-12.244954809025
-15.3244147258042
-13.456466062939
-9.03645840427551
-19.3885126008681
-18.979553402181
-20.8045694028525
-25.2892721059309
-10.9945826647663
-21.1377844152913
-19.6946765768614
-13.948633208515
-14.7519080260635
-12.510713676953
-16.6192481189514
-18.4908239879048
-23.0759078060355
-21.0965465175128
-8.71968340994896
-17.4746526930763
-13.2365798070299
-24.7684349735163
-12.7144072528648
-11.2014152015988
-11.083727433045
-16.1217418689095
-12.9324478306983
-7.8080941868126
-15.1763905558203
-18.0296611121125
-23.7502785755655
-16.1169284809815
-22.410784970881
-17.8666868235413
-19.4021666156098
-12.4760205554142
-11.0401447168779
-15.7465760521427
-10.8147218855546
-18.3073181220383
-17.1077521679927
-17.6923895222205
-19.6961806412992
-16.4102243365515
-19.1965023747305
-18.3850064938667
-19.4297960026325
-12.2381224204481
-17.7058056324025
-20.0839656833964
-20.8569761002469
-11.927867958309
-19.6936774193148
-20.6379498950008
-27.8116146337927
-15.6854685287844
-14.9074106338885
-13.7368974848927
-25.9134687953533
-18.1171655274458
-26.5071052279176
-22.4558872447332
-11.1466303131087
-17.3546881847844
-21.2651345820661
-15.5819237438522
-18.7423887375376
-28.5165116718595
-22.4527451720839
-12.2792475961773
-34.1738849490386
-22.6577490464799
-16.8648732778692
-12.3718940569237
-11.0675528591619
-23.7956716949717
-17.2825590929358
-15.8982878765639
-33.0462578949736
-13.7764040878619
-10.2396334813929
-15.0136012880101
-12.4481749357707
-20.1624245961136
-48.5033818866148
-31.2418426617378
-15.891913740885
-17.8607026252902
-16.0838073768268
-29.0211323979195
-17.2859596124471
-18.2402799203835
-19.8149936644614
-14.7603277782575
-18.3356321879411
-16.9251022231697
-9.46663378073703
-18.6045496915403
-23.9086625419162
-11.6599770675765
-15.1830237714274
-13.2422950780167
-15.3802803860247
-21.6090521192848
-20.0015572440736
-19.2739051575953
-24.8539375924158
-15.8608800686801
-16.6173354581239
-15.1685572710259
-18.3194328687955
-17.1238198091918
-12.2910014905636
-12.8528699172942
-17.4091499213408
-19.2283688659558
-24.823795169179
-12.393099747411
-16.6391033649774
-9.3137986433069
-13.8766297990942
-20.5108615643331
-14.9814406054008
-12.9358378458
-20.3488335523699
-7.62401044151188
-13.3801554813971
-15.8026611807032
-15.4564752429595
-10.0080433871328
-14.8454246613859
-20.5396895648713
-17.9660079237334
-16.9515585245584
-15.2759875015019
-12.262612151134
-16.4172864918171
-11.8005957942328
-16.5102763880048
-12.157558646868
-30.8092502347743
-16.0581056794888
-35.5049236904781
-20.4621679250783
-18.5967067952263
-16.124678244852
-14.8742693722842
-19.9874499012153
-21.1019356294268
-14.4826952182454
-17.8531844545814
-13.793717180861
-20.134727234604
-19.2364767736997
-20.8619197033471
-17.8638643398446
-28.1103093918037
-21.9600004921199
-12.7203396636674
-11.8533446849917
-16.7515553203393
-16.7533723730489
-21.0685016018489
-22.9384637980296
-11.7215430698518
-21.6237329509387
-13.3217293466071
-15.2771457130792
-19.2757978706577
-9.89191397665595
-15.0949806178914
-17.5661018904061
-14.6379876935985
-16.6119450252739
-17.8617085582487
-14.4612984888543
-20.2780609682368
-19.275857873492
-19.7389141282575
-30.1614967629164
-25.3318571634766
-18.2188390546993
-14.7464860135746
-27.3204386225779
-23.4122412443488
-15.8203405622231
-16.0003152983347
-32.4066164510847
-23.640321390328
-16.7780136472492
-16.4063497258943
-30.5532840972866
-27.0240942523273
-13.5185237250165
-16.3255248396838
-24.1442828072484
-21.8653051456767
-20.6452453422692
-28.879328096843
-24.6989831718436
-24.2661011905776
-22.4063554801445
-21.9068933788587
-16.59336591
-31.3502268033107
-29.5785948009861
-13.0967978657444
-17.7642694693012
-14.9198726776007
-37.6044624150588
-33.8495001811858
-13.6134491598393
-13.753466729433
-11.7500988274908
-14.6325071712027
-23.3035177728183
-12.5889377626444
-11.4745903110426
-15.2551100976614
-15.6126450783821
-13.9083817022971
-17.9068991487617
-15.2892173300451
-20.6823877179434
-22.5402323997976
-23.0218515806141
-21.5685271759972
-15.5093322576377
-24.537043795078
-18.7101727848752
-12.5430525868012
-14.6588402808722
-25.6025083462721
-26.2320988531637
-14.3300578167157
-31.2838226678984
-27.5694311063447
-12.7281873568625
-18.2302097312039
-13.1668764178851
-14.1646048454287
-31.927828553327
-21.9795344509268
-20.2761503103812
-20.8177758706748
-30.2379909039215
-20.2612437025455
-16.3463057591848
-23.0667728778013
-29.5553976483851
-13.4712075392065
-22.5483910947701
-18.9933701693978
-21.7055963119687
-21.399213712076
-14.4539940826398
-19.6976446926666
-31.4077766497603
-28.2679627399715
-23.3772778686985
-14.0170107683618
-17.8811736955985
-17.4823062215875
-35.0028813989857
-23.5554558977038
-15.7412767347983
-24.2199295657128
-17.1432373220583
-12.6042549041359
-13.7140828966813
-18.5954684173996
-26.6498024611995
-11.5970663940937
-18.8364923316594
-15.5302766823926
-18.6186458916342
-17.4408533313657
-17.3321458610215
-12.9537898454277
-14.3229025656427
-22.5724005600148
-20.3883468428235
-19.3508854227803
-18.3205783845249
-19.2055923084922
-27.6510733360743
-17.9407653230078
-21.156970544375
-12.8781615670158
-27.1345214282446
-24.5472220962515
-26.7744587826545
-20.045644132408
-13.0725154939977
-20.6747049364802
-16.7882639231981
-14.1523883499272
-19.8123205100826
-19.1086455241615
-21.0364393627763
-35.1868412331722
-12.1506525753048
-16.102351802634
-25.7807336798152
-18.0950135299278
-22.9571797172372
-14.7983017828508
-18.8473881320005
-20.0182431335668
-17.7217244896666
-25.4512414989612
-11.5477353117886
-15.5570483067939
-30.2879495316244
-22.8994216278945
-12.1509300368588
-18.0347688393928
-19.8699843824529
-18.7336585152155
-16.9289654949731
-21.6272636054737
-17.6469448142463
-18.1376044819767
-17.4431348320434
-16.9343073664759
-23.2107246411997
-26.8538646369089
-11.9180088431216
-14.6496740280832
-19.2838669880683
-13.5227179793422
-26.3212319841653
-16.5679688441364
-17.7370792992566
-16.5614895973736
-16.3456804568966
-12.8283554394248
-19.3843561111177
-17.9351803123156
-12.8621228994417
-18.2912326504395
-17.470915027711
-18.421465890426
-18.4899132085367
-10.4603300957587
-13.8753314209459
-13.3337725557384
-21.0973736325134
-21.7671559084045
-15.9467495470813
-20.2777197501152
-15.2184680692095
-36.9802647219151
-23.7942995934607
-13.3566194147718
-14.4340220216898
-15.4775638372018
-16.5684674534015
-16.3009051515091
-16.2966323302514
-17.932145833334
-21.5406930232496
-27.923668950961
-19.8994909415521
-19.4163041100588
-20.1780515743077
-19.8588634792875
-13.436707247675
-16.3557289883607
-17.9822688473261
-19.8337319770577
-14.7441125183578
-16.586188853723
-20.2248886968741
-28.4258665807809
-17.3731286039441
-15.2299175001457
-19.991153150544
-17.0198514030882
-14.2266194586927
-12.9839466500815
-14.0783830963071
-12.4085546132639
-14.6797820229288
-17.1744070710609
-28.0144641351634
-24.3365073778481
-16.3602938844523
-18.0049595773443
-20.1397699605783
-22.3344251070611
-21.3582653141821
-17.5777090565567
-16.154656768523
-16.7557981332373
-24.3880378012874
-19.0133579239217
-28.8497161530418
-19.3055899473963
-26.7838619871454
-20.7195682018233
-15.1945029274569
-23.2520371859919
-10.2141855300828
-20.3601668606021
-15.8493878380668
-15.9801530751088
-14.2770640277984
-17.9852945014323
-16.016493291428
-17.8439500732966
-24.2031286732411
-18.7398322531556
-18.2493873560846
-22.0367041402207
-24.2561936307746
-22.0157053021965
-17.9934945476932
-22.4290538932945
-23.4063295018959
-18.6374678244267
-30.4227410418287
-22.1748442608858
-25.8989380613969
-13.1906488621562
-24.1946324420439
-12.4486772904471
-10.8291434741439
-23.1130344939168
-18.4938484076445
-13.4042504094389
-18.7814272460805
-22.034980760377
-22.6733531754495
-31.0537123274615
-13.1960866455068
-21.4434986071352
-22.0310800286796
-17.918039542551
-19.0056213193778
-16.4237720373199
-20.6521268138925
-19.8125277585911
-36.2318747834524
-19.3724883728818
-14.4033356006525
-15.6751554922452
-10.7460153655143
-17.3028994529331
-13.7400253346229
-18.4003370256267
-16.5164230777021
-38.3994380249687
-20.6144147176881
-15.9023225429523
-25.3355955117203
-17.7457970051802
-12.5933114757928
-20.3295163546366
-12.9440056984164
-30.3109394200681
-13.439662877058
-25.0395217663782
-15.256565564262
-21.0339920363863
-13.7187699153846
-22.8991810203046
