65.1166748436827
56.7616117946334
52.1480707168059
51.7666363962616
39.9033561366825
45.5826741635424
39.7288733789929
36.8802420980163
34.5361756008787
27.9983812307673
31.7402318426306
28.5186992623399
28.2291131031054
23.7310225211702
18.5868481233671
17.5421671615245
15.1917145178081
18.0221766851879
19.0414469596616
20.1942537856721
18.1395035491182
16.1846764040331
13.4074598316719
18.1803937198027
16.2809237083252
20.5769666450465
13.8759583508975
10.674299926872
12.4622309238911
16.5783487470227
16.483245889849
15.0581327410192
13.7699791328038
16.6049565195968
16.2192795310541
12.9267340158295
9.42153584309003
11.8748381626128
14.3931334506221
12.7741845525546
12.6230809804249
14.5464571746089
14.9355238951052
14.9117856375518
14.4129580187477
13.3203248950338
14.24164073697
16.6818761091658
21.3199914652298
23.4625342130338
23.9865379044907
20.0310840114369
18.0508413158279
21.6510916896736
20.4695737639124
20.7530525908541
21.4958346492741
21.0733610190497
20.7520505385531
12.661333668595
18.819108665311
10.5538130356703
13.0740852252608
17.0779761398375
5.68027704005902
17.8492330626214
18.0913013663877
22.3789063061594
18.8696743132191
10.2735868933248
13.3524810117047
5.2698070136134
11.1281655983296
16.1752015970662
13.9166241012734
3.41516619963089
7.61463314461338
12.7256351734434
12.3784355346404
7.15275405940051
-23.4064108517727
6.54444179894576
10.1949176201155
5.68279544378735
-3.70287520892363
-1.76920635601509
10.8510192467864
12.6350715062368
9.23141869550877
6.40753164205831
7.7475097930899
10.0468883932315
9.98015005336335
5.14721738197607
9.41405825113001
11.4815318380563
11.0045845167078
5.82779933267573
8.14145806215141
12.1718297127803
9.21845373239105
7.27271724498914
2.39442920834645
9.32986316229534
7.33710874577638
-3.3493149306302
3.3159784974591
10.784516772823
8.60423421885852
10.4825135761417
5.17906362657208
5.24180164660566
9.78347173811324
11.1446900168912
10.9453843979462
12.0946350767091
4.36666355874564
-2.91262940772861
-6.51222872607609
5.17519228463089
5.3355035734516
6.27223690496327
6.34512827787532
4.80179579067248
4.68599690196885
-1.23557211777364
7.41202766547789
11.0754365695378
12.5441954812779
5.70426527805828
-0.520061724354881
-43.7464496141296
3.34075735388692
-5.45975819834985
5.72093189015422
7.26334781599375
5.511662953903
4.16249189194219
-6.55130122952771
6.53296244300167
8.27605786692054
7.17785800152892
-6.57261602194642
-1.46848167840163
-0.171555482430237
6.51904622779906
-0.404498660240903
-6.19801431334977
2.94014127669537
2.0034524247053
-4.83961331395278
-5.75806782110343
2.81342825603895
8.17573041488328
-0.144003430916604
6.2882269848431
10.4678205890004
7.11625519045851
8.43499813964978
5.25856312433768
-0.992201647616758
-3.31545149126004
4.68493481652029
3.73542982410201
0.861258571721704
-0.34273551068477
8.5913846603655
2.43509868224029
-10.5853448885191
4.99312859550153
9.10133875052052
6.44411374934603
3.4824485256986
0.917553352170006
7.09118101305427
5.23705643307984
6.96149191466968
11.4594004266494
12.8619873018399
11.0581257294915
7.16530552162311
8.66650843483056
11.6065267406905
10.4664474301591
8.82240244741899
8.05512687971997
12.244198888248
9.32803168893452
3.45127245166902
0.953303971360278
6.33109964641244
-2.22364678571071
-1.42170093361972
2.75114323818753
10.9970771505584
12.822265094968
10.6315255680021
7.09008605264901
8.0481141161061
5.47807529065835
4.07967563617768
6.30761770128042
5.35383242288967
-3.0255363311855
-4.24572712175492
-9.04401352944855
0.205907204248042
3.77208677977017
7.43482884323076
14.7060494731433
15.1511131473374
8.1523537816401
-3.37981410053299
6.13647705019533
11.1819247496116
3.86716360024675
6.53516308175608
4.68483280475586
10.8883765354128
2.21233076586738
5.57430619246004
11.142296722037
12.329094924
5.97131215204683
15.0763882495144
10.5588237123919
11.0287342683483
9.72332936639367
4.90194642385942
-2.57013368738271
-17.5225620297328
-1.39590464127388
7.79042294217009
5.32158933171812
-1.01762424969108
7.87440401675786
10.1627746398587
8.73141878152711
10.5515735815367
-1.27282022152252
9.06319582357937
5.38296927943012
5.80091302469569
-2.02081743983856
-23.4870432156812
1.17352536520992
6.4015235525026
9.38970498183621
3.79262596857004
8.01607129455138
-2.08922919637938
8.19863691159483
6.3196553115477
5.75574687619607
7.2871560544226
8.76695644169993
13.6811898639547
4.97683087270019
7.12612101196774
6.96154688183393
-3.92662223494261
4.44063368946009
8.96875894245818
3.56032506737424
3.42245267791766
-2.09473099378423
1.69611392938015
8.0662772922569
4.84713401072311
-8.67714719681135
6.07207029190763
9.30688342425823
9.48636571471007
1.25925063638715
1.56840478727184
1.6774014916739
-19.6266089316502
3.01374169106074
1.55285747888217
8.46679773715942
8.30536937331257
3.55599535149343
5.75354918828005
8.50522488128337
-0.440950129190954
5.66568607283029
5.45674892884546
5.44473021186302
5.84538708753304
7.25212924378979
5.37186416764016
6.37882701700484
6.92769014263199
4.09320436904353
5.89860193165744
7.72970877753439
9.19656627650537
9.62471645505924
13.7103838953718
9.37830831661888
-0.119914991490932
8.17164818131595
12.3133390639248
11.1225305826319
3.49432450633388
-4.62469035858158
9.04226201713516
8.50219186715309
7.41587484220199
4.70943549386453
11.367195949918
11.2623528067621
2.58177489389092
2.69459390560316
-1.98911147288342
2.61169614203945
-3.23442191434187
0.775626360116552
0.118100532076426
2.15429402835348
0.650538691852888
4.72680826513771
-0.522209413957379
-2.08168953849843
6.78938322785703
6.23996684739276
-2.82204259029972
4.97838199049681
-2.65593563070822
-12.044979506899
5.70968048373671
-7.94848489623104
-10.1200672988881
-2.34998675714055
-3.19031714492495
2.95598455920789
3.46701059363869
7.81665312507476
4.8906918402852
7.75102957475078
4.81855902750538
4.47693047666467
3.44012462793578
5.40203549343399
4.11700278705635
9.94690855834334
4.01305971781731
-2.60005966428775
2.33220436384352
-1.00523104435269
7.36996231676132
-4.14967068961572
12.6813945965249
11.4388980935282
10.5475029157686
12.4092761695167
5.17313038663471
6.99810418918454
8.52694014868463
0.776357327779112
4.59523657353617
2.32221162937555
0.78788846222436
2.25963602519284
3.3021488885045
-2.00964009634268
6.19727637378843
8.53102773051256
2.80030353724479
4.34953640720633
0.793132172814428
6.64499152469751
3.32583383911174
-1.81435681250278
6.1521775949814
-5.46767886708845
-9.66113734204809
2.30374346257244
-3.73238533579077
-6.98804728233734
-2.19175123239739
-2.17269976170826
1.02096481349989
-4.15833522255749
4.72366226504582
1.49430782014483
-5.80170841727846
-0.83667374545455
-1.7233378311809
-12.7747867437859
3.06710304554247
4.518216991911
7.78530370769543
5.95389036114016
5.81378530356072
-2.05176478464134
3.09953885203985
7.11397551051294
9.1614172072155
8.43383082376198
-30.1564717436191
-4.57560133028504
0.805498817750418
-0.704697374352193
-9.21646533727557
3.05817376742681
3.17907297275641
-4.76538288228017
2.39235642375449
-2.39481873021712
1.51815908304663
-9.26455358184147
0.089067067246198
0.890917757473083
-0.259109473144355
-1.2819769345758
3.30073186414059
-12.3043005389519
0.0214303887306378
-7.80492454528078
-0.3730319786138
6.97288721576143
7.24126316897209
2.07037695682408
0.606493722859282
6.52581970528675
-0.315518554317325
2.14929109154997
7.11211096098204
-2.49451492681204
0.471175718012311
-2.80075246063377
1.75628088698034
-2.71226172578914
8.6267921949949
-1.57709515476608
7.12963808931819
0.975674151757453
-17.255668349625
-19.8906611525937
-4.63007991349989
1.06736873428741
5.69603516938124
-2.16553897489325
-0.918115753699792
6.21690863904448
6.14206825257031
1.72510872900238
-0.834415409987851
-0.924451689969259
6.33916479700294
10.3364080236519
-6.30250333809842
1.22093801760467
-3.809823617916
3.93736190994825
3.11912081353754
4.41366605365186
8.68188511143577
-1.58793331476132
2.86839979301311
4.99850132437293
4.22778546097397
10.0273078529183
-3.09477065932437
7.29664178951419
2.36912979075657
11.7414601279887
-1.35830980622324
4.03485025742282
-9.14531393916871
-10.3103631991563
2.59629579750625
6.46474791908917
9.36387819195394
4.22589101008343
6.95833326784487
4.88934291008811
8.48710067577583
3.34268145352924
10.7264646464439
2.14468360826009
5.99192486309419
6.41937554971001
7.68415029479605
0.656401864782023
10.0213103982249
2.92760995372883
-1.35007358576136
5.46976019602536
8.91180972515528
10.9209536369695
3.7880073842343
2.6197434571775
6.96875568365582
10.2621207139755
5.91320142890118
4.81641867478322
11.7482830573099
9.96381415781695
8.4058635592408
9.62886641496606
3.11999720596177
9.33740648063473
11.6156823671184
7.7030491688003
13.0016658384749
9.33404611877814
6.13004468196243
12.0964049090687
12.4663454281016
6.37575399708541
11.7356577083367
5.39906580013585
7.15857860788477
13.0923810165384
3.35691712189166
12.5869373571972
12.187396653713
5.56102846962887
11.8567413960595
11.7775841404977
0.594220203795095
10.911063059278
8.86403094727384
7.84872156602938
4.99888391483023
5.14006486758904
4.94725309890112
3.51515621991264
7.96900817306886
5.17758813691486
3.94632175691001
3.35276886174998
6.06288307723925
-9.65970125492538
-12.0264843588856
1.52663163832283
-6.59599377970779
0.193206996819649
3.2119142529888
-0.361359316713843
-7.51480305755414
-6.17752485167217
1.60007476656261
2.19347298032527
-7.33357469180951
0.666403359228949
4.21601688410916
1.87163167493924
1.19545780178439
1.90089084823946
-9.24325422308938
-2.10209037318866
-17.7751223385629
-3.62373965697607
4.94911786366867
6.56721248383931
7.88799976864286
5.61689438056106
0.394132512975071
2.64483387061358
-2.32034397774948
-5.95023204623433
-3.03519697172367
3.25536430603509
-1.06951019839542
-17.747321373574
-2.22637802529927
-0.665803961076314
-27.6756520749717
-10.0256289140869
2.03367512135917
4.14297471599106
-9.42534924491185
2.56597289681928
0.168478197023107
-2.55802672173935
4.15310676620524
1.90525653451642
-3.44533265778868
-3.082126402612
6.20027081978121
4.1042658135803
-0.394761637987792
-4.01107612028955
1.47013348461108
4.49557062607316
4.30501735839929
-2.15308032009014
0.638866549793158
-1.83946930538418
-1.63416137517394
1.1329629188663
-1.44906565931395
-1.76723155192075
-5.40967392560669
0.838287631527089
-9.2489762671624
0.193647771322489
1.40641300425389
-6.11705341964021
-5.7442949687442
-11.9056526644789
-9.77338399497455
2.14678195654539
-2.55848994554139
-9.44258165168424
-1.66321457848966
0.874667003134975
-9.14546636260534
-6.18512257637123
2.5870000229092
-4.37552821468072
-3.39368327198019
-8.16743796115946
-2.16409491020904
-4.25107869241367
1.03308457232897
3.10356070144488
-6.2057770326969
-0.151861297053521
1.94399725618339
-1.99343082863875
-2.98371800232398
0.265254493484747
7.07208913253575
5.03215700458733
1.55744934637794
-2.49971426792768
4.23458857547394
3.07022088947246
6.21142941707516
-1.49641730352216
4.92404865804184
2.38269652909682
1.44414238900013
-0.475359227335598
-0.263379492183837
-4.18832246661223
2.49590321366364
-1.60348135935725
0.431680324622312
-2.81449013969554
-7.48920048776342
-4.61689334599137
0.556313115296475
-14.9317015949661
-8.52271753040648
-14.7022376800138
-5.1520903245422
0.236332107341239
4.21649378802191
2.79698618286648
-2.70455047354794
-0.656151228231336
3.94420909607882
0.488580745887532
-6.71007127508637
-2.78317247126535
-0.597064241215769
2.33059930265327
1.9199783760637
-1.9733864525357
-7.78290836916224
-1.91842999252667
0.823836563675146
-11.8492783833215
-2.60641257559835
-3.24574139151646
-15.7958158917547
-1.97844183397366
-3.58935806111167
-1.52532136065363
-12.2049268498613
-0.429066928206096
2.37789792674799
-1.95408181060459
-0.240419712236834
-4.89200191227157
-11.9599422547887
-2.05134273774596
-3.98079263405982
1.69393212026532
-10.9779526629829
-10.2746554913094
-16.1184630911661
-2.8636107760081
0.567627824787165
-1.32113047344222
-7.63716756692051
-8.31435235341878
1.9354486987319
5.44814884313447
3.48511261296257
2.98742372951123
1.40549575592418
1.83095345189002
-2.44712153967686
4.07094726826028
2.25068720899048
2.54972727120838
2.79768456394882
-2.1704648214364
-4.52999036913377
1.40226188019153
4.27254546299277
2.02025515367121
2.77071519567677
1.45985532572217
-4.21848427612135
-2.94143631758392
2.26615653741818
-0.254755077383333
2.07817262977583
-0.605759132721111
2.27800071124479
-13.3255498158954
-3.45144648491585
-10.8668754096889
-12.4282701434534
-13.5289276152775
4.46378860184986
-0.3710544622925
-8.25509282751126
-8.37975807147173
0.109799811949085
-0.265394118602403
-8.54886503693742
2.34275753300392
-2.59840983179306
-5.53054791719922
-3.8757185207867
-4.30921025052049
-8.11060373148133
-1.53739419426728
-16.2219045211724
1.30483414343869
1.67528844478459
-5.38316828590302
0.712045339518557
-12.6486703349222
1.2933786607845
-3.66361863901656
0.349478680732548
2.09183244208644
0.358819363317467
-0.800167470596127
-10.6111766958027
-3.67337351955378
0.296205774029695
2.73134752398427
1.21820142080277
-6.34778469465947
-16.6667750043671
-14.5349468059639
-0.772602670107091
2.73415639721111
-10.3172989271754
-8.68137290192944
1.19119833108071
-3.29904457963785
-12.9582456506065
-17.2009453225984
0.831177093953229
-3.52177276631065
1.56163876005592
-4.74152634826335
1.4092147147395
-1.1489430132119
-3.84592759699164
-5.80520384084615
-4.22478952591077
-5.17383552061864
-5.18904477887316
-0.562390538487124
2.27744129719987
-9.01612681319261
-1.97118721984463
0.150879935720811
1.38562102613536
-3.21659427008422
0.236812882063207
-2.03649660597634
-0.753115600115453
-1.73354660293459
-1.32900025600767
-4.2178296351476
-13.1425224339708
-8.36209206578758
-5.11698654465086
-10.9080296153142
-1.98475768460671
-11.398573005254
-1.97435993632109
-5.81565771650208
-2.79406794200083
-15.4757406555646
-0.440591223951962
-5.43890527507143
-7.21303868925808
-9.44830329975151
-10.4240412709348
-3.17004555047595
-5.19169309614292
-3.5661864871516
1.77257005143241
-3.50520397745514
-6.46189926575061
-4.75408158479352
1.79390828663041
-1.16049792776631
-6.18495260412656
-6.04568695316447
-5.73117056409291
-5.41777874305258
0.0064185143067185
-12.0581348754766
-0.0339176479738668
1.7683189039529
-8.97944686163813
-3.1927907286121
-0.307671414593391
-6.61593127809474
-8.04091384698698
-10.8190307581127
-6.00432109728788
-6.47561175999795
-10.2277703844542
-3.99155117226259
-1.04072394672128
-1.9540365733629
0.577859540898307
-2.65856407038788
5.00250800279114
-0.92612123827781
-15.863351519057
-4.26369538481224
-4.58872588762558
-3.76886240379677
-9.7439898850698
-4.25729261598799
-0.426919941864563
-8.13232124847357
-7.99024542821342
-0.598156976487362
-0.10232308805072
-6.70575701781553
-5.0700186750844
-1.71611938078753
-4.60597396601466
-7.81740295576049
-0.549098230863147
0.863248807406365
-1.32981581025036
1.44689214446374
3.45263719449972
4.32456833138596
-6.26872868942234
-6.31223765795286
-4.65359852146723
-5.84681252445311
-0.0623294030528093
-10.0293966911846
-12.2639365556217
-14.7350330518996
-3.94552902584916
-5.2235621694216
-0.493313536952517
-4.42949592519851
-2.34002304129973
0.485043595315526
3.98941436559499
3.85091239016889
-2.33512774794781
-3.21291329191183
4.65729860705413
-4.18938082156621
-22.429585471621
-0.414772162249312
-1.28709754597388
-9.9304404622524
-10.1821434536205
-3.6896772880676
-14.7754676932544
-8.74342536512414
-9.87920699477812
-6.42491525496653
-2.96826212943612
-1.57989446949332
-4.78732109554699
-10.4457945095178
-0.53229812292968
-4.75138898268325
-11.3984442063205
-10.3649297282835
-1.46983901350667
-7.18738100338085
-2.29559624329711
-2.0618244778131
-6.28677766863492
-3.67514015550116
-8.0963498274153
2.26924137204096
-3.25064171096899
-26.0783576864121
-9.54679001365021
-8.1070432426083
-10.2469588924437
-3.49643671494444
-8.09156748432244
2.16294852546323
-7.43301699983616
-5.67517017058626
-6.51072965284448
-18.2151081012401
-4.89303304423056
-6.61173154842541
-2.44223566504457
-18.4186112382782
-1.86450365161042
-2.19806995209041
-9.09146191993714
-8.5216475021479
-13.6373136425133
-25.6078509647019
-20.7182479675802
-4.36800449127674
-17.7233017888911
-4.32847861288359
-4.82391951031144
-3.55701914835336
-10.7859752455568
-6.34311553842716
-9.25165874790095
-8.23216291400586
-4.54594063398323
-5.09254624934321
-9.79871586113399
-2.89039358733895
-5.19362788113097
-11.7100131372456
-4.4872222100754
-3.47775799269886
-6.45376677532942
-0.272637098733908
-9.18544963872715
-13.4865434038046
-8.26020800508852
-1.40805989949345
-3.67936223037123
-4.09055757097746
-13.9742261373674
-7.30645628390562
0.696443841157845
1.44586043561083
-3.26417190081068
-0.277649657003104
-13.8128637771581
-9.95224768277704
-26.4925426818421
-37.4711259884807
-5.66281177017626
-8.50462692602032
-5.6265190140615
-8.11827159216227
-5.30371874982616
-12.7279285726472
-24.4639499239245
-4.83170264997428
-2.38767001974581
-0.819935657675383
-8.79959226634324
-4.63206958232159
-13.698066835415
-19.7207019959004
-7.9625947955401
-2.970107280525
-16.4337895189975
-15.7464991536046
-2.09225631089833
-8.6864777547602
-14.307516929323
-13.4852583302512
0.0279940355072739
-4.75748426900511
-6.42711164061525
-9.4391804334666
-9.2478908385181
-15.355928464417
-10.6924164757469
-2.70834420019888
-8.72836861187247
-0.235376417064853
-11.7705665190582
-1.89809041818015
-3.59630943313012
-7.24668745732562
-12.9965874745715
-8.42089469205236
-5.30098763438348
-15.4584834383989
-3.16012968244878
-9.6831645494439
-2.21342016430424
-20.3861871745199
-10.3101567665854
-9.95850851458623
-9.05249298908418
-0.0799091951814242
2.32644431240497
-5.78446427461755
-4.18770394593846
-5.12758195030709
-1.70133624939979
-9.18463331044637
-5.69386953181015
-0.826013925525608
-2.96359424201595
0.684553737095245
2.63274674535955
2.09478292048286
9.52947695649168
0.116063078783285
10.2598234509396
